2 0.6390625 0.99921875 0.6421875 0.96484375 0.6328125 0.90390625 0.621875 0.31796875 0.62734375 0.30625 0.65234375 0.33125 0.6765625 0.30078125 0.678125 0.28828125 0.6296875 0.21328125 0.57890625 0.0984375 0.56015625 0.096875 0.52890625 0.109375 0.43203125 0.196875 0.390625 0.05390625 0.38515625 0.0453125 0.37734375 0.0453125 0.34765625 0.0609375 0.34375 0.07578125 0.38125 0.24765625 0.3203125 0.29765625 0.3171875 0.31328125 0.33671875 0.3484375 0.34921875 0.3453125 0.39765625 0.30625 0.40859375 0.30625 0.4109375 0.31328125 0.4109375 0.36328125 0.396875 0.45859375 0.403125 0.47109375 0.4 0.58828125 0.390625 0.60546875 0.4 0.65546875 0.39375 0.70078125 0.3953125 0.76953125 0.3859375 0.83359375 0.390625 0.84921875 0.3859375 0.90546875 0.3921875 0.98828125 0.39921875 1
3 0.340625 0.34921875 0.41171875 0.3 0.43828125 0.2625 0.46328125 0.25625 0.53671875 0.165625 0.55078125 0.16875 0.56875 0.18828125 0.6328125 0.31328125 0.65078125 0.3328125 0.6609375 0.32265625 0.6796875 0.28984375 0.628125 0.21015625 0.596875 0.13046875 0.57734375 0.096875 0.55234375 0.0984375 0.53046875 0.1078125 0.42421875 0.2125 0.35078125 0.2765625 0.321875 0.29453125 0.315625 0.31171875 0.334375 0.34921875
0 0.3828125 0.24609375 0.43125 0.20078125 0.38515625 0.04375 0.36484375 0.05 0.34375 0.06796875 0.3671875 0.19765625
6 0.5046875 0.39765625 0.57109375 0.3890625 0.5875 0.38046875 0.584375 0.28359375 0.57734375 0.2609375 0.5015625 0.26640625 0.49375 0.39140625
6 0.440625 0.52421875 0.475 0.51796875 0.47421875 0.4578125 0.43515625 0.459375 0.428125 0.46640625 0.4265625 0.52109375
6 0.59375 0.50703125 0.6125 0.49765625 0.60546875 0.43125 0.5734375 0.44765625 0.575 0.50234375 0.57890625 0.5078125
6 0.5109375 0.60703125 0.553125 0.59765625 0.55625 0.56484375 0.55078125 0.540625 0.51171875 0.540625 0.503125 0.54609375 0.5 0.60390625
6 0.6109375 0.74296875 0.6203125 0.73046875 0.621875 0.68359375 0.61640625 0.6734375 0.59140625 0.675 0.58125 0.68515625 0.5828125 0.72734375 0.58984375 0.7390625
6 0.4703125 0.75546875 0.478125 0.74921875 0.4828125 0.68984375 0.46484375 0.6859375 0.43515625 0.690625 0.4296875 0.75234375
6 0.5390625 0.86328125 0.540625 0.82421875 0.51171875 0.8234375 0.50625 0.83984375 0.509375 0.85859375
6 0.6046875 0.95546875 0.6140625 0.94765625 0.6109375 0.90390625 0.60546875 0.896875 0.57890625 0.9 0.5734375 0.90703125 0.5734375 0.95234375
6 0.459375 0.95390625 0.4640625 0.94609375 0.459375 0.91328125 0.42109375 0.90625 0.4171875 0.95078125