2 0.315625 0.00390625 0.321875 0.22265625 0.309375 0.83984375 0.3109375 0.98359375 0.32421875 0.9875 0.43359375 0.975 0.46328125 0.965625 0.4703125 0.95703125 0.496875 0.73046875 0.5046875 0.54296875 0.5203125 0.41484375 0.5203125 0.31328125 0.5171875 0.21640625 0.5046875 0.10859375 0.503125 0.00859375 0.42109375 0.0125 0.35078125 0
1 0.38984375 0.8875 0.3875 0.97265625 0.42421875 0.975 0.46015625 0.9640625 0.4671875 0.93046875 0.4609375 0.89140625 0.45078125 0.8859375
1 0.315625 0.90078125 0.3140625 0.98359375 0.36640625 0.978125 0.365625 0.88828125 0.32890625 0.8890625
6 0.334375 0.46171875 0.334375 0.48984375 0.328125 0.49453125 0.334375 0.49921875 0.3375 0.52734375 0.35390625 0.534375 0.39296875 0.528125 0.4 0.51796875 0.403125 0.46328125 0.38515625 0.4578125 0.34296875 0.4671875 0.33828125 0.459375
6 0.3765625 0.35703125 0.371875 0.38828125 0.3765625 0.42109375 0.38203125 0.425 0.41796875 0.4125 0.421875 0.36953125 0.428125 0.36171875 0.41015625 0.3578125 0.38515625 0.365625
6 0.43984375 0.36875 0.4375 0.42421875 0.48046875 0.4234375 0.490625 0.38984375 0.4890625 0.37421875 0.46484375 0.3671875
6 0.4359375 0.46640625 0.4375 0.48046875 0.4296875 0.48671875 0.434375 0.49453125 0.4296875 0.52109375 0.43359375 0.534375 0.4625 0.51796875 0.4609375 0.47421875 0.44921875 0.465625
6 0.4515625 0.25078125 0.4515625 0.31171875 0.4453125 0.32109375 0.46015625 0.3359375 0.47421875 0.3359375 0.48046875 0.3453125 0.490625 0.33359375 0.484375 0.32734375 0.4875 0.25546875 0.47421875 0.24375
6 0.39140625 0.253125 0.396875 0.26015625 0.39375 0.31953125 0.42734375 0.3265625 0.434375 0.31328125 0.4359375 0.24765625 0.41953125 0.2453125
6 0.34765625 0.26875 0.3515625 0.33203125 0.35703125 0.3359375 0.3765625 0.32265625 0.3734375 0.29921875 0.36875 0.27421875
6 0.34140625 0.1625 0.3390625 0.23984375 0.34609375 0.24375 0.3765625 0.22578125 0.3765625 0.16796875
6 0.39453125 0.159375 0.3921875 0.21640625 0.39609375 0.221875 0.41796875 0.221875 0.4171875 0.16328125
6 0.453125 0.16640625 0.4484375 0.18515625 0.4515625 0.21484375 0.47109375 0.2203125 0.48828125 0.2125 0.4921875 0.16953125 0.47734375 0.15625 0.46796875 0.165625 0.45546875 0.1609375
6 0.44765625 0.0390625 0.45 0.11328125 0.46328125 0.1125 0.47109375 0.1203125 0.4734375 0.10703125 0.48515625 0.1078125 0.4890625 0.09921875 0.4890625 0.04140625 0.46796875 0.034375 0.46171875 0.040625
6 0.3890625 0.03203125 0.3875 0.12734375 0.43203125 0.1296875 0.434375 0.03828125 0.42890625 0.03125
6 0.33046875 0.0359375 0.33125 0.13515625 0.34609375 0.146875 0.3671875 0.13828125 0.36875 0.04296875
5 0.315625 0.00390625 0.321875 0.22890625 0.309375 0.66171875 0.3109375 0.98515625 0.32734375 0.9875 0.43359375 0.975 0.46875 0.96328125 0.4921875 0.78828125 0.5046875 0.54296875 0.5203125 0.41328125 0.5203125 0.31484375 0.5046875 0.10859375 0.503125 0.00859375 0.49453125 0.0046875 0.47578125 0.0109375 0.41953125 0.0125 0.35234375 0