2 0.325 0.69453125 0.328125 0.83359375 0.3234375 0.94609375 0.3296875 0.96640625 0.36328125 0.953125 0.43046875 0.95625 0.48359375 0.96875 0.56953125 0.9625 0.5859375 0.94140625 0.5828125 0.76640625 0.6046875 0.28046875 0.603125 0.08671875 0.54921875 0.0625 0.49296875 0.01875 0.4625 0.04765625 0.4265625 0.10234375 0.4140625 0.16953125 0.3875 0.23515625 0.3703125 0.32109375
6 0.440625 0.15859375 0.4359375 0.24453125 0.45859375 0.2484375 0.4671875 0.24296875 0.471875 0.16015625 0.46484375 0.1515625
6 0.5375 0.13203125 0.534375 0.15703125 0.5265625 0.16484375 0.53125 0.16796875 0.53046875 0.1953125 0.553125 0.19296875 0.559375 0.15390625 0.559375 0.12734375 0.54609375 0.125
6 0.5625 0.15859375 0.5640625 0.18671875 0.58984375 0.19375 0.596875 0.18203125 0.5984375 0.13984375 0.56953125 0.1359375
6 0.5609375 0.29140625 0.559375 0.34921875 0.56484375 0.359375 0.57734375 0.3625 0.575 0.34765625 0.5859375 0.32734375 0.6 0.26328125 0.6015625 0.23671875 0.59609375 0.225 0.571875 0.23203125
6 0.49375 0.30546875 0.4921875 0.39921875 0.52109375 0.4046875 0.5265625 0.39609375 0.5328125 0.31171875 0.50234375 0.3
6 0.421875 0.29296875 0.4203125 0.37109375 0.43984375 0.3828125 0.46328125 0.3828125 0.465625 0.28984375 0.45859375 0.2828125 0.43984375 0.2828125 0.42734375 0.284375
6 0.4109375 0.45703125 0.4109375 0.53359375 0.43359375 0.5359375 0.45078125 0.5484375 0.459375 0.42421875 0.44921875 0.41875 0.42265625 0.4234375 0.415625 0.43046875
6 0.4875 0.46015625 0.4875 0.52265625 0.51015625 0.5265625 0.5125 0.46015625 0.50546875 0.453125 0.49453125 0.453125
6 0.54375 0.46484375 0.5421875 0.51484375 0.54921875 0.5234375 0.56171875 0.5234375 0.56875 0.51171875 0.56875 0.44453125 0.54921875 0.44375
6 0.55 0.57421875 0.55 0.63828125 0.57421875 0.6421875 0.5796875 0.62578125 0.578125 0.57421875 0.56953125 0.56875
6 0.48359375 0.5796875 0.48125 0.63515625 0.50703125 0.6421875 0.5125 0.58671875 0.50390625 0.5796875
6 0.403125 0.58046875 0.403125 0.64765625 0.43828125 0.65 0.44375 0.64140625 0.4484375 0.58046875
6 0.39765625 0.684375 0.396875 0.73046875 0.42421875 0.73125 0.4265625 0.68203125
6 0.48125 0.68671875 0.484375 0.74140625 0.51015625 0.7453125 0.5125 0.68671875 0.50859375 0.68125
6 0.54921875 0.6875 0.54375 0.69296875 0.5453125 0.73046875 0.56484375 0.7328125 0.5671875 0.69140625 0.56328125 0.6859375
6 0.525 0.81015625 0.525 0.88203125 0.53046875 0.8890625 0.56015625 0.8890625 0.5609375 0.81328125 0.54921875 0.803125
6 0.3625 0.78515625 0.3609375 0.83984375 0.3671875 0.86796875 0.40078125 0.871875 0.403125 0.78203125 0.38828125 0.7765625 0.36640625 0.7796875
6 0.48721590909090906 0.12215909090909091 0.5142045454545453 0.11931818181818184 0.5213068181818183 0.13352272727272724 0.515625 0.20880681818181818 0.4886363636363635 0.2059659090909091
1 0.43039772727272724 0.7954545454545455 0.4673295454545453 0.805397727272727 0.471590909090909 0.9275568181818181 0.43181818181818166 0.9261363636363635 0.42755681818181823 0.7997159090909088
3 0.49289772727272724 0.021306818181818166 0.43750000000000017 0.078125 0.4232954545454545 0.13068181818181818 0.49147727272727265 0.08948863636363638 0.5568181818181817 0.07528409090909091
5 0.5625000000000001 0.07244318181818174 0.6008522727272728 0.08948863636363633 0.6022727272727272 0.2713068181818182 0.5923295454545455 0.5511363636363635 0.5809659090909092 0.8252840909090908 0.5880681818181819 0.9588068181818181 0.5681818181818183 0.971590909090909 0.41903409090909083 0.9616477272727272 0.35085227272727276 0.953125 0.33380681818181807 0.9588068181818181 0.32528409090909083 0.8267045454545455 0.33948863636363635 0.546875 0.3835227272727272 0.26278409090909094 0.4147727272727272 0.1747159090909091 0.4232954545454545 0.13352272727272724 0.487215909090909 0.09375 0.5667613636363635 0.07528409090909091