2 0.3189836395210675 0.12392998594608412 0.46065259117082535 0.1443720454835824 0.5136641988849283 0.14309441676248888 0.6251713737318344 0.14564967420467612 0.6178594278402341 0.30790852178356964 0.6397952655150352 0.44333716621949665 0.6443652316972854 0.8458081001662274 0.636139292569235 0.956961798901375 0.4679645370624258 0.9250210808740337 0.4442007129147244 0.9109671649420038 0.3911891052006216 0.9275763383162211 0.3738232337080706 0.7972582087646688 0.33909149072296874 0.5378995783826578 0.3116716936294671 0.20827136834049606
5 0.3290375651220181 0.18144116519752929 0.6178594278402341 0.20060559601393405 0.6269993602047343 0.35008815638189117 0.6407092587514852 0.7563740896896719 0.6352252993327848 0.9531289127380941 0.4378027602595741 0.9211881947107528 0.39667306461932184 0.9301315957584083 0.34457545014166896 0.5340666922193767 0.3226396124668678 0.20443848217721503
6 0.4688785302988758 0.28235722499041777 0.05301069372086647 0.0792142583365274
6 0.5758157389635317 0.2881065542353392 0.049355634768302716 0.08559984668455348
6 0.5849547573347957 0.4286431582981985 0.04752673430216617 0.07793407435799157
6 0.4789333698930628 0.40564584131851283 0.049355634768302716 0.07538137217324645
6 0.4789333698930628 0.5321310847067842 0.060323553605703316 0.12648524338827136
6 0.5886125582670688 0.5308547336144116 0.04752673430216617 0.07282483710233806
6 0.5863257471894707 0.6681985435032579 0.04844255552508911 0.0868800306630893
6 0.48533040855497667 0.6605327711766961 0.05301069372086647 0.06132617861249521
6 0.48670139840965176 0.811295515523189 0.04112969564025226 0.06132617861249521
6 0.6059775157663834 0.8183211958604829 0.03655881546476556 0.08049060942889996
1 0.5488538524814917 0.8342928325028747 0.08683027145599123 0.19420084323495593
0 0.6055196051549219 0.17503641241855117 0.039300795174115714 0.06132617861249521