2 0.5375 0.96796875 0.5875 0.84921875 0.609375 0.72421875 0.6140625 0.61796875 0.6296875 0.52734375 0.625 0.41171875 0.6015625 0.28359375 0.5578125 0.16640625 0.52265625 0.1328125 0.48515625 0.1203125 0.45859375 0.11875 0.41484375 0.1375 0.365625 0.18046875 0.3171875 0.26171875 0.284375 0.35390625 0.2578125 0.48359375 0.2625 0.60546875 0.271875 0.63203125 0.2921875 0.65859375 0.3046875 0.85078125 0.3171875 0.89921875 0.3390625 0.93515625 0.34765625 0.94375 0.36015625 0.94375 0.42421875 0.928125 0.48671875 0.925 0.51796875 0.9484375 0.53203125 0.96875
6 0.39021875 0.309625 0.053453125000000004 0.13075
6 0.518921875 0.30920312499999997 0.074015625 0.136515625
6 0.521375 0.47368750000000004 0.065796875 0.0986875
6 0.420640625 0.467109375 0.074828125 0.126640625
6 0.32853125 0.41446875 0.045234375 0.10032812499999999
6 0.344578125 0.55221875 0.041125 0.071546875
6 0.41612499999999997 0.6188281250000001 0.083875 0.10773437500000001
6 0.511109375 0.6270625 0.0518125 0.13240625
6 0.40665625 0.7652187500000001 0.0731875 0.140625
6 0.5106875 0.776734375 0.0674375 0.1143125