2 0.30471669629021986 0.5086762285915132 0.28821438337435057 0.8613880368098159 0.2912223133716161 0.9844708588957055 0.29231610609789443 0.9875383435582822 0.2979217938200711 0.995398773006135 0.3061252392671589 0.9961656441717791 0.4165983046212743 0.995782208588957 0.5844954881050041 0.9861963190184049 0.5924254853705223 0.9823619631901841 0.5972108285479901 0.9737346625766872 0.631665299425759 0.613971234343047 0.6680339075745146 0.0718941717791411 0.6551818430407438 0.019746932515337424 0.6468416735028713 0.012653374233128834 0.6203171998906207 0.006134969325153374 0.5689089417555373 0.0023006134969325155 0.39554279464041564 0.0019171779141104294 0.3712059064807219 0.003834355828220859 0.361088323762647 0.007668711656441718 0.34299232066356766 0.12243976866053169
5 0.310516788578981 0.5100392222648263 0.28766748701121136 0.8594708588957055 0.2909488651900465 0.9856211656441718 0.2981952420016407 0.995782208588957 0.43191140278917145 0.995782208588957 0.5858627290128521 0.9858128834355828 0.5924254853705223 0.9827453987730062 0.5972108285479901 0.9737346625766872 0.6249643947680248 0.600625878706544 0.6696745966639321 0.0718941717791411 0.6554552912223134 0.020513803680981595 0.6471151216844409 0.01303680981595092 0.6277003007929998 0.007668711656441718 0.6118403062619634 0.004601226993865031 0.5691823899371069 0.0023006134969325155 0.39526934645884604 0.0019171779141104294 0.3714793546622915 0.003834355828220859 0.361088323762647 0.007668711656441718 0.34411744599398414 0.13024827453987742
1 0.3997812414547443 0.8728911042944786 0.4055236532677058 0.9760352760736196 0.40730106644790814 0.9835122699386503 0.4824993163795461 0.968941717791411 0.4837298331966092 0.9672162576687117 0.4853705222860268 0.9610812883435583 0.4883784522832923 0.9212039877300614 0.48673776319387474 0.8629217791411042 0.48414000546896363 0.8577453987730062 0.46472518457752254 0.8558282208588958 0.4226141646158053 0.8581288343558282 0.4089417555373257 0.8631134969325154 0.40183210281651627 0.8684815950920245
6 0.3002461033634126 0.8859279141104295 0.2975116215477167 0.901648773006135 0.2977850697292863 0.9411426380368099 0.3018867924528302 0.9814033742331288 0.3419469510527755 0.9746932515337423 0.35097074104457204 0.9681748466257669 0.35384194695105275 0.9622315950920245 0.35493573967733116 0.9480444785276073 0.35056056877221764 0.892829754601227 0.30968006562756356 0.8780674846625767 0.3022969647251846 0.879217791411043
6 0.5422477440525021 0.9066334355828221 0.5332239540607056 0.9675996932515337 0.5339075745146294 0.973542944785276 0.5432048126879956 0.9758435582822086 0.5906480721903199 0.9660659509202454 0.5920153130981679 0.9177530674846626 0.5917418649165983 0.9074003067484663 0.589964451736396 0.9049079754601227 0.5869565217391305 0.901840490797546 0.5795734208367515 0.8987730061349694 0.5653541153951326 0.8980061349693251 0.5492206726825266 0.8999233128834356 0.5440251572327044 0.9026073619631901
6 0.544982225868198 0.5722776073619632 0.5447087776866284 0.5830138036809815 0.5489472245009571 0.589340490797546 0.5552365326770577 0.5924079754601227 0.5667213563029806 0.593941717791411 0.5937927262783702 0.5901073619631901 0.5963904840032814 0.5860812883435583 0.6018594476346733 0.5665260736196319 0.6018594476346733 0.5373849693251533 0.6007656549083948 0.5297162576687117 0.595980311730927 0.5283742331288344 0.5530489472245009 0.5322085889570553
6 0.4386108832376265 0.46568251533742333 0.4386108832376265 0.4783358895705521 0.44066174459939844 0.47929447852760737 0.5139458572600493 0.4620398773006135 0.5181843040743779 0.4576303680981595 0.521465682253213 0.45111196319018404 0.5263877495214657 0.4350076687116564 0.5280284386108832 0.41276840490797545 0.5258408531583265 0.39743098159509205 0.5216024063439978 0.3945552147239264 0.5065627563576702 0.39033742331288346 0.4669127700300793 0.388420245398773 0.45118949958982774 0.4192868098159509 0.44243915777960074 0.44536042944785276
6 0.33989608969100354 0.5634585889570553 0.33278643697019417 0.615989263803681 0.33702488378452283 0.6284509202453987 0.37913590374624007 0.6108128834355828 0.39048400328137817 0.6037193251533742 0.3932184850970741 0.562691717791411 0.3922614164615805 0.5575153374233128 0.3774952146568225 0.5555981595092024 0.3422203992343451 0.5598159509202454
6 0.4375170905113481 0.4699003067484663 0.4377905386929177 0.47871932515337423 0.4442165709598031 0.48006134969325154 0.5166803390757452 0.4616564417177914 0.5217391304347826 0.4530291411042945 0.5293956795187312 0.42388803680981596 0.5296691277003008 0.4123849693251534 0.527481542247744 0.39934815950920244 0.5216024063439978 0.393021472392638 0.5114848236259228 0.39033742331288346 0.4669127700300793 0.3857361963190184 0.45091605140825813 0.41775306748466257 0.44025157232704404 0.45111196319018404
6 0.4000546896363139 0.28278374233128833 0.4000546896363139 0.2942868098159509 0.40730106644790814 0.30368098159509205 0.4157779600765655 0.30866564417177916 0.44613070823079026 0.31940184049079756 0.45118949958982774 0.3192101226993865 0.45337708504238444 0.25824386503067487 0.4499589827727646 0.2476993865030675 0.4119496855345912 0.2281441717791411 0.4085315832649713 0.2375383435582822
6 0.4667760459392945 0.28508435582822084 0.46267432321575064 0.31269171779141103 0.46267432321575064 0.32879601226993865 0.46554552912223135 0.3328220858895706 0.4824993163795461 0.3343558282208589 0.523516543614985 0.32515337423312884 0.529532403609516 0.32285276073619634 0.5337708504238446 0.3184432515337423 0.5411539513262237 0.28048312883435583 0.5427946404156412 0.26399539877300615 0.5128520645337709 0.2308282208588957 0.5021875854525567 0.22469325153374234 0.49070276182663386 0.22507668711656442 0.4782608695652174 0.24175613496932516 0.47087776866283837 0.2651457055214724
6 0.5540060158599945 0.2586273006134969 0.5515449822258682 0.28546779141104295 0.5520918785890074 0.30962423312883436 0.5531856713152857 0.31767638036809814 0.5571506699480449 0.3270705521472393 0.5648072190319935 0.330521472392638 0.5760185944763467 0.3320552147239264 0.6210008203445447 0.32994631901840493 0.6212742685261143 0.3027223926380368 0.6189499589827727 0.2641871165644172 0.6066447908121411 0.25690184049079756 0.5626196335794367 0.2511503067484663 0.5555099808586272 0.2549846625766871
6 0.4777139732020782 0.09336656441717792 0.477167076838939 0.12557515337423314 0.47867104183757175 0.12921779141104295 0.4824993163795461 0.13228527607361965 0.48687448728465954 0.13266871165644173 0.5656275635767022 0.11579754601226994 0.5674049767569046 0.11062116564417178 0.5520918785890074 0.055789877300613494 0.5400601585999453 0.033550613496932516 0.5336341263330598 0.027223926380368097 0.5292589554279464 0.027223926380368097 0.4824993163795461 0.05789877300613497 0.48017500683620457 0.06499233128834356