2 0.29375 0.72109375 0.2984375 0.81796875 0.2890625 0.86328125 0.29296875 1 0.678125 0.99921875 0.68125 0.97109375 0.671875 0.92890625 0.675 0.80390625 0.6890625 0.70703125 0.7046875 0.69453125 0.7046875 0.68359375 0.690625 0.67265625 0.696875 0.49609375 0.709375 0.47265625 0.6984375 0.46171875 0.696875 0.44765625 0.7015625 0.35390625 0.7140625 0.26796875 0.7359375 0.26328125 0.734375 0.25390625 0.703125 0.22890625 0.715625 0.20546875 0.728125 0.14609375 0.7328125 0.07890625 0.72734375 0.071875 0.67265625 0.0890625 0.54453125 0.0984375 0.41015625 0.1296875 0.36953125 0.128125 0.3609375 0.13359375 0.3203125 0.43984375 0.321875 0.50234375 0.3125 0.64453125 0.3 0.67890625
6 0.4921875 0.20546875 0.496875 0.22734375 0.490625 0.31640625 0.49921875 0.3203125 0.55546875 0.30625 0.5625 0.27578125 0.55625 0.21015625 0.53515625 0.1953125 0.50546875 0.19375
6 0.490625 0.53984375 0.4921875 0.55390625 0.471875 0.61953125 0.47734375 0.634375 0.53359375 0.61875 0.5421875 0.59921875 0.54375 0.57265625 0.5328125 0.54609375 0.51015625 0.5328125
6 0.3328125 0.53359375 0.3359375 0.56328125 0.3265625 0.61171875 0.34453125 0.6203125 0.40546875 0.61875 0.409375 0.60234375 0.39375 0.54765625 0.35234375 0.5296875 0.33671875 0.528125
6 0.34375 0.43359375 0.3375 0.50234375 0.39609375 0.509375 0.4078125 0.44296875 0.38828125 0.4296875 0.36015625 0.4296875 0.35546875 0.41875
6 0.45625 0.74140625 0.4546875 0.76328125 0.46796875 0.78125 0.51015625 0.784375 0.52109375 0.7796875 0.5265625 0.76953125 0.5265625 0.70234375 0.5203125 0.68359375 0.49140625 0.684375 0.4921875 0.67109375 0.48359375 0.6671875 0.4640625 0.70703125
6 0.3109375 0.87109375 0.309375 0.88671875 0.31484375 0.8953125 0.33203125 0.890625 0.38984375 0.89375 0.3984375 0.88828125 0.39609375 0.778125 0.37421875 0.778125 0.3265625 0.79453125
1 0.4921875 0.886359375 0.117890625 0.21306250000000002
6 0.37003125 0.6640625 0.069609375 0.061078125000000004
4 0.73125 0.13671875 0.7609375 0.21796875 0.74609375 0.225 0.71484375 0.2171875 0.70625 0.22109375 0.70625 0.23046875 0.74375 0.25234375 0.734375 0.28359375 0.7578125 0.30234375 0.75625 0.31015625 0.7640625 0.31796875 0.72421875 0.3359375 0.721875 0.34609375 0.74609375 0.3578125 0.7625 0.34921875 0.765625 0.35859375 0.71796875 0.39375 0.70625 0.41171875 0.71640625 0.415625 0.73515625 0.40625 0.7546875 0.40859375 0.7546875 0.41796875 0.734375 0.44921875 0.73828125 0.459375 0.76484375 0.44375 0.775 0.44453125 0.7703125 0.47109375 0.7453125 0.52578125 0.75390625 0.5296875 0.7609375 0.52265625 0.815625 0.43984375 0.83046875 0.4328125 0.84375 0.43984375 0.8359375 0.49140625 0.8453125 0.52734375 0.86015625 0.5375 0.89140625 0.5328125 0.91171875 0.5546875 0.93046875 0.5609375 0.9328125 0.54765625 0.9015625 0.51953125 0.9015625 0.47578125 0.9109375 0.43828125 0.92265625 0.41875 0.9375 0.43984375 0.9515625 0.48046875 0.95859375 0.4859375 0.9671875 0.48046875 0.94375 0.39296875 0.96640625 0.3796875 0.97265625 0.36875 0.98515625 0.3703125 0.9890625 0.36484375 0.971875 0.34453125 0.9796875 0.31484375 1 0.31171875 0.9875 0.23984375 0.9796875 0.22890625 0.9875 0.20703125 0.96796875 0.1859375 0.940625 0.18203125 0.94375 0.16328125 0.93203125 0.1484375 0.91015625 0.140625 0.89921875 0.15625 0.8875 0.15703125 0.8890625 0.11015625 0.85703125 0.0921875 0.84765625 0.0921875 0.8453125 0.10390625 0.8609375 0.12734375 0.80859375 0.221875 0.79140625 0.2171875 0.7765625 0.20078125 0.7453125 0.13359375 0.73515625 0.1296875
5 0.29375 0.71484375 0.2984375 0.81640625 0.2890625 0.86328125 0.29296875 1 0.678125 0.99921875 0.68125 0.96640625 0.671875 0.92734375 0.675 0.80546875 0.6890625 0.70703125 0.7046875 0.69453125 0.7046875 0.68359375 0.690625 0.67265625 0.696875 0.49765625 0.6984375 0.48515625 0.709375 0.47421875 0.6984375 0.46171875 0.696875 0.44921875 0.7015625 0.35703125 0.7140625 0.26796875 0.7359375 0.26328125 0.734375 0.25234375 0.703125 0.22890625 0.715625 0.20546875 0.7265625 0.15234375 0.7328125 0.10234375 0.7328125 0.07890625 0.72734375 0.071875 0.67265625 0.0890625 0.54453125 0.0984375 0.41015625 0.1296875 0.3609375 0.13359375 0.3203125 0.43984375 0.3125 0.64453125