3 0.309375 0.12109375 0.31171875 0.1796875 0.38828125 0.1859375 0.46015625 0.2 0.47734375 0.2109375 0.49296875 0.209375 0.51640625 0.2203125 0.5390625 0.21796875 0.5375 0.16953125 0.51796875 0.1609375 0.4828125 0.12578125 0.4640625 0.09453125 0.43828125 0.075 0.39609375 0.028125
2 0.253125 0.73359375 0.2484375 0.89296875 0.25625 0.96328125 0.26484375 0.9828125 0.28671875 1 0.31953125 1 0.32109375 0.9859375 0.33359375 0.9875 0.33671875 1 0.41015625 1 0.41171875 0.9875 0.42890625 0.990625 0.42421875 1 0.44609375 1 0.46171875 0.9921875 0.47109375 1 0.49609375 1 0.4984375 0.98515625 0.52265625 0.984375 0.52578125 0.9734375 0.5390625 0.97578125 0.54375 0.17421875 0.53671875 0.165625 0.51796875 0.159375 0.4828125 0.12421875 0.4671875 0.09921875 0.39296875 0.028125 0.3078125 0.12578125 0.3078125 0.15703125 0.29375 0.21640625 0.2734375 0.43984375
5 0.303125 0.21484375 0.271875 0.61953125 0.2703125 0.71796875 0.2609375 0.77734375 0.2640625 0.80078125 0.25 0.85078125 0.259375 0.86328125 0.2703125 0.98046875 0.28515625 0.996875 0.30546875 1 0.31640625 0.9984375 0.3125 0.98828125 0.328125 0.97734375 0.33359375 1 0.41015625 1 0.41328125 0.978125 0.42578125 1 0.44765625 1 0.45234375 0.9875 0.46328125 0.9921875 0.46328125 0.9984375 0.48515625 1 0.5 0.98671875 0.51171875 0.9984375 0.5109375 0.99296875 0.525 0.98515625 0.5296875 0.95234375 0.5265625 0.78515625 0.534375 0.23046875 0.52578125 0.221875 0.47734375 0.2125 0.44453125 0.1984375 0.32890625 0.18125 0.309375 0.18515625
6 0.34375 0.26640625 0.3390625 0.31328125 0.37578125 0.325 0.384375 0.26796875
6 0.44765625 0.2703125 0.4515625 0.31171875 0.46796875 0.3171875 0.48828125 0.3140625 0.490625 0.27265625 0.48203125 0.2671875
6 0.325 0.40234375 0.321875 0.45078125 0.35390625 0.4546875 0.3609375 0.41171875 0.33359375 0.396875
6 0.384375 0.42578125 0.3828125 0.45078125 0.40859375 0.4546875 0.4171875 0.41015625 0.39296875 0.4015625
6 0.4546875 0.39921875 0.45 0.44453125 0.49140625 0.440625 0.496875 0.42421875 0.4921875 0.40859375 0.46015625 0.3953125
6 0.45 0.49296875 0.4484375 0.52109375 0.46015625 0.528125 0.47109375 0.5265625 0.475 0.49609375
6 0.384375 0.49765625 0.38125 0.52421875 0.39609375 0.534375 0.4046875 0.52578125 0.4078125 0.49453125 0.38828125 0.4921875
6 0.3234375 0.49296875 0.321875 0.52109375 0.33984375 0.5265625 0.346875 0.49609375 0.33828125 0.4859375
6 0.403125 0.62734375 0.40625 0.58515625 0.39140625 0.575 0.36953125 0.5796875 0.371875 0.62421875
6 0.4703125 0.67578125 0.475 0.67109375 0.4734375 0.64296875 0.44609375 0.6375 0.4421875 0.67265625
6 0.403125 0.68515625 0.4046875 0.65703125 0.38046875 0.6484375 0.375 0.68203125
6 0.334375 0.68359375 0.3390625 0.67734375 0.3390625 0.63828125 0.30546875 0.634375 0.303125 0.67890625
1 0.3875 0.85390625 0.3890625 0.78203125 0.34609375 0.784375 0.3484375 0.85390625
1 0.496875 0.99921875 0.4953125 0.92109375 0.4859375 0.85234375 0.42890625 0.8515625 0.41640625 0.8453125 0.415625 0.91015625 0.409375 0.92109375 0.415625 0.93359375 0.4140625 0.96015625 0.4078125 0.96953125 0.415625 0.99140625 0.42421875 1
1 0.25657894736842096 0.7631578947368419 0.31332236842105265 0.7615131578947366 0.3166118421052631 0.8453947368421051 0.32894736842105254 0.9333881578947368 0.32730263157894723 1 0.25986842105263147 0.9999999999999998 0.24506578947368415 0.8560855263157896