2 0.8625 0.86953125 0.8765625 0.86015625 0.8828125 0.84140625 0.8859375 0.56171875 0.828125 0.28828125 0.8125 0.17109375 0.8015625 0.15390625 0.8046875 0.12734375 0.7921875 0.05859375 0.79453125 0.0015625 0.55703125 0.028125 0.41484375 0.053125 0.36640625 0.0671875 0.35 0.06484375 0.353125 0.04765625 0.31953125 0.0046875 0.21953125 0.0015625 0.15859375 0.0203125 0.12890625 0.021875 0.0453125 0.07265625 0.05 0.16640625 0.0390625 0.28046875 0.03125 0.29765625 0.0375 0.31484375 0.034375 0.39296875 0.0328125 0.40390625 0.021875 0.41171875 0.03125 0.42421875 0.0296875 0.48671875 0.021875 0.49765625 0.028125 0.50234375 0.03125 0.52578125 0.0328125 0.65078125 0.00859375 0.8359375 0.17109375 0.83125 0.22265625 0.8390625 0.23046875 0.8453125 0.26796875 0.8421875 0.30546875 0.85 0.68046875 0.8453125 0.75703125 0.8609375
5 0.865625 0.86796875 0.88125 0.84921875 0.884375 0.80859375 0.8859375 0.55703125 0.828125 0.28515625 0.8140625 0.17421875 0.8015625 0.15390625 0.803125 0.12578125 0.7921875 0.07265625 0.796875 0.01171875 0.79296875 0.003125 0.55859375 0.028125 0.41484375 0.053125 0.36796875 0.0671875 0.3453125 0.06484375 0.3515625 0.05859375 0.3453125 0.03828125 0.31796875 0.0046875 0.21171875 0.003125 0.16015625 0.0203125 0.12890625 0.0234375 0.046875 0.07265625 0.0515625 0.15078125 0.034375 0.29921875 0.0375 0.36015625 0.03125 0.40859375 0.034375 0.65546875 0.0109375 0.81640625 0.01328125 0.83125 0.19609375 0.83125 0.30546875 0.85 0.68046875 0.8453125 0.77890625 0.8625
6 0.40625 0.13203125 0.421875 0.12265625 0.421875 0.08828125 0.40703125 0.0859375 0.40078125 0.071875 0.3984375 0.08828125 0.38828125 0.090625 0.38515625 0.0734375 0.378125 0.09609375 0.365625 0.10390625 0.3734375 0.10703125 0.3734375 0.13046875
6 0.45625 0.13046875 0.47578125 0.125 0.4953125 0.10859375 0.49375 0.06640625 0.47265625 0.059375 0.46953125 0.053125 0.44375 0.07734375 0.45 0.12265625
6 0.5390625 0.10390625 0.5546875 0.09296875 0.5578125 0.05078125 0.53515625 0.0515625 0.53046875 0.0453125 0.52578125 0.0515625 0.51796875 0.034375 0.5171875 0.05859375 0.5078125 0.07109375 0.5140625 0.07578125 0.515625 0.10390625
6 0.6171875 0.10703125 0.625 0.08046875 0.625 0.05234375 0.60859375 0.053125 0.60234375 0.0390625 0.6 0.05703125 0.58984375 0.0609375 0.58203125 0.0453125 0.5796875 0.06328125 0.56875 0.06796875 0.578125 0.07265625 0.58125 0.10546875
6 0.653125 0.10546875 0.69375 0.08828125 0.69375 0.03515625 0.68828125 0.0265625 0.67109375 0.0234375 0.6453125 0.03515625 0.646875 0.10390625
6 0.7203125 0.08671875 0.75625 0.06796875 0.7515625 0.02890625 0.73359375 0.0265625 0.72890625 0.0171875 0.72265625 0.028125 0.7046875 0.03671875 0.7125 0.08671875
6 0.0796875 0.08984375 0.1015625 0.07890625 0.09921875 0.0546875 0.08515625 0.053125 0.06875 0.06328125 0.0703125 0.08828125
6 0.1234375 0.06640625 0.1484375 0.05234375 0.14765625 0.025 0.12890625 0.0234375 0.11875 0.03203125 0.11875 0.06171875
6 0.0765625 0.24453125 0.1015625 0.23515625 0.09921875 0.203125 0.07578125 0.2078125 0.065625 0.20078125 0.0671875 0.23671875
6 0.1234375 0.22265625 0.1453125 0.20859375 0.1484375 0.18046875 0.14140625 0.1734375 0.11875 0.18046875
6 0.1703125 0.21796875 0.196875 0.21328125 0.196875 0.17578125 0.19140625 0.1703125 0.1609375 0.17890625 0.1578125 0.21640625
6 0.2171875 0.21328125 0.24375 0.20859375 0.24765625 0.1734375 0.21875 0.17421875 0.2140625 0.18984375
6 0.2671875 0.21796875 0.2859375 0.21171875 0.2921875 0.18671875 0.28359375 0.1765625 0.2625 0.17890625 0.259375 0.21640625
6 0.3140625 0.22890625 0.31875 0.19453125 0.29921875 0.1859375 0.290625 0.22890625
6 0.3984375 0.23046875 0.4125 0.21640625 0.4125 0.18984375 0.37265625 0.1921875 0.3765625 0.22421875
6 0.475 0.21796875 0.4734375 0.17578125 0.45859375 0.159375 0.44453125 0.15625 0.434375 0.16796875 0.4421875 0.20234375 0.45234375 0.215625
6 0.0734375 0.46484375 0.0859375 0.45703125 0.0890625 0.44765625 0.08984375 0.4140625 0.0484375 0.42421875 0.0546875 0.42890625 0.059375 0.45546875
6 0.121875 0.44296875 0.14921875 0.43125 0.15625 0.41328125 0.15 0.39921875 0.13046875 0.3875 0.1296875 0.39765625 0.1109375 0.41640625 0.1140625 0.43828125
6 0.3734375 0.69609375 0.41171875 0.690625 0.50234375 0.6609375 0.53125 0.64296875 0.534375 0.42109375 0.540625 0.35703125 0.53671875 0.3453125 0.43671875 0.3578125 0.38203125 0.371875 0.371875 0.38203125 0.359375 0.68984375
1 0.2265625 0.80703125 0.24375 0.80078125 0.2484375 0.68359375 0.23671875 0.66875 0.21640625 0.6625 0.2078125 0.80390625
1 0.328125 0.65234375 0.3328125 0.64921875 0.33125 0.57734375 0.30703125 0.571875 0.3 0.58671875 0.296875 0.65078125
1 0.7984375 0.84140625 0.803125 0.81640625 0.7765625 0.65078125 0.76875 0.45859375 0.75390625 0.440625 0.73046875 0.440625 0.6984375 0.45390625 0.6953125 0.47890625 0.6953125 0.65546875 0.703125 0.81015625 0.71171875 0.821875
1 0.295640625 0.741359375 0.032078125 0.106078125