2 0.16900647948164146 0.06633625619519634 0.3758099352051836 0.04956157072054899 0.43952483801295894 0.025162028211971027 0.7726781857451404 0.04879908501715593 0.8342332613390929 0.0770110560426992 0.8277537796976242 0.14868471216164697 0.8914686825053996 0.4689287075867328 0.9011879049676026 0.6298131910026687 0.8201943844492441 0.9149828440716736 0.7311015118790497 0.894395730080061 0.5836933045356372 0.856271444910408 0.2710583153347732 0.8288219595882578 0.20788336933045357 0.4834159359512009 0.18736501079913606 0.3202439954250858 0.16360691144708422 0.2173084254670225
5 0.17494600431965443 0.086923370186809 0.17008639308855292 0.22798322531452536 0.1900647948164147 0.32329393823865804 0.2084233261339093 0.48646587876477315 0.2726781857451404 0.8105223027068242 0.29535637149028077 0.8356843309187952 0.4659827213822894 0.8509340449866565 0.597732181425486 0.8608463591307663 0.8158747300215983 0.9210827296988181 0.8984881209503239 0.6290507052992756 0.8930885529157667 0.5794891345787266 0.892548596112311 0.4994281357224552 0.8660907127429806 0.3530308806709874 0.822354211663067 0.15707205489897064 0.8266738660907127 0.07167365611894777 0.8137149028077754 0.0670987418985894 0.6965442764578834 0.040411742279832255 0.6511879049676026 0.04269919939001144 0.5340172786177105 0.025162028211971027 0.49352051835853133 0.030499428135722456 0.41252699784017277 0.02821197102554327 0.36771058315334776 0.05566145634769348 0.2543196544276458 0.0571864277544796 0.20734341252699784 0.06862371330537552 0.18250539956803455 0.06404879908501715
6 0.21679265658747301 0.14239420510865422 0.22165226781857453 0.24456728936332445 0.2254319654427646 0.2712542889820816 0.234341252699784 0.3143347312237896 0.23933585313174946 0.3191002668699962 0.24716522678185746 0.32253145253526494 0.27524298056155505 0.32863133816240947 0.2941414686825054 0.3274876096073199 0.29562634989200864 0.32157834540602365 0.2958963282937365 0.24304231795653833 0.2864470842332613 0.16565001906214258 0.28347732181425483 0.15192527640106748 0.2787526997840173 0.14754098360655737 0.26120410367170627 0.14372855508959206
6 0.4430345572354212 0.10998856271444911 0.44141468682505397 0.11646969119329012 0.4786717062634989 0.25028593213877237 0.4820464362850972 0.25543271063667555 0.48825593952483803 0.2581014105985513 0.5085043196544277 0.25657643919176515 0.5176835853131749 0.25276401067479987 0.5191684665226782 0.24952344643537933 0.519438444924406 0.23846740373617994 0.515658747300216 0.17899351887152115 0.5083693304535637 0.14391917651544034 0.49811015118790497 0.11227601982462829 0.4947354211663067 0.10865421273351125 0.4904157667386609 0.10712924132672512
6 0.35853131749460043 0.14182234083110942 0.3747300215982721 0.25162028211971027 0.3930885529157667 0.2958444529165078 0.3309935205183585 0.3011818528402592 0.2996760259179266 0.13724742661075104 0.3482721382289417 0.1303850552802135 0.3596112311015119 0.14182234083110942
6 0.37041036717062636 0.13267251239039268 0.4017278617710583 0.124285169653069 0.4379049676025918 0.13267251239039268 0.44654427645788336 0.1936713686618376 0.45680345572354214 0.28821959588257723 0.398488120950324 0.28364468166221884 0.3882289416846652 0.2073961113229127 0.3693304535637149 0.13572245520396492
6 0.5137688984881209 0.10579489134578726 0.5118790496760259 0.12752573389248953 0.5210583153347732 0.18280594738848646 0.5337473002159827 0.232748760960732 0.5571004319654428 0.23865802516202822 0.5768088552915767 0.23789553945863515 0.5788336933045356 0.23313000381242852 0.5777537796976242 0.18166221883339687 0.5661447084233261 0.10541364849409074 0.5608801295896328 0.10102935569958063 0.5557505399568035 0.09988562714449103
6 0.58207343412527 0.10236370568051849 0.5766738660907127 0.11113229126953869 0.5793736501079914 0.16641250476553565 0.5907127429805615 0.227030118185284 0.6316144708423326 0.23675181090354555 0.6343142548596112 0.23560808234845595 0.6374190064794817 0.227030118185284 0.6357991360691144 0.16031261913839115 0.6314794816414687 0.11151353412123523 0.6278347732181425 0.10636675562333206 0.6186555075593952 0.09950438429279451 0.6000269978401728 0.09416698436904308 0.5962473002159827 0.09416698436904308
6 0.652267818574514 0.10083873427373237 0.6511879049676026 0.10465116279069768 0.6517278617710583 0.17746854746473503 0.6528077753779697 0.1881433473122379 0.656047516198704 0.20072436141822342 0.6594222462203023 0.2051086542127335 0.6977591792656588 0.22417079679756005 0.7007289416846653 0.22302706824247046 0.7043736501079914 0.2167365611894777 0.7111231101511879 0.16641250476553565 0.7062634989200864 0.09855127716355318 0.703158747300216 0.09416698436904308 0.6991090712742981 0.09264201296225696 0.6737311015118791 0.09340449866565002 0.6580723542116631 0.09721692718261532
6 0.7154427645788337 0.19004956157072056 0.7146328293736501 0.2068242470453679 0.7157127429805615 0.2106366755623332 0.7212473002159827 0.21654593976362943 0.7520248380129589 0.2359893252001525 0.7566144708423326 0.23789553945863515 0.7620140388768899 0.2371330537552421 0.7837473002159827 0.18471216164696913 0.7821274298056156 0.12028211971025543 0.7730831533477321 0.11361036980556614 0.7412257019438445 0.10369805566145635 0.7236771058315334 0.10141059855127717 0.7221922246220303 0.10426991993900114
6 0.7261069114470843 0.24247045367899353 0.7254319654427646 0.2441860465116279 0.7356911447084233 0.33149065955013346 0.7371760259179265 0.3328250095310713 0.7639038876889849 0.33473122378955394 0.7698434125269978 0.33206252382767826 0.7724082073434125 0.3269157453297751 0.7796976241900648 0.2826915745329775 0.7628239740820735 0.24933282500953108 0.7296166306695464 0.24132672512390393
6 0.6519978401727862 0.2586732748760961 0.6530777537796977 0.29336637438048035 0.6609071274298056 0.3421654593976363 0.6637419006479481 0.3442622950819672 0.6864200863930886 0.34845596645062904 0.7053185745140389 0.3503621807091117 0.7096382289416847 0.3492184521540221 0.7143628509719222 0.339115516584064 0.7151727861771058 0.31585970263057567 0.7081533477321814 0.2567670606176134 0.7061285097192225 0.2546702249332825 0.7015388768898488 0.25390773922988946 0.6588822894168467 0.2523827678231033 0.6540226781857451 0.25505146778497906
6 0.5687095032397408 0.2649637819290888 0.5685745140388769 0.27163553183377814 0.574244060475162 0.3040411742279832 0.587742980561555 0.357033930613801 0.5927375809935205 0.3576057948913458 0.6229751619870411 0.35074342356080823 0.6244600431965442 0.3471216164696912 0.6295896328293736 0.31014105985512774 0.6163606911447084 0.264391917651544 0.611366090712743 0.2619138391155166
6 0.48812095032397407 0.3080442241707968 0.48056155507559395 0.31585970263057567 0.509854211663067 0.3789553945863515 0.5296976241900648 0.372855508959207 0.5323974082073434 0.36828059473884867 0.5550755939524838 0.3719024018299657 0.5529157667386609 0.3408311094166984 0.5452213822894169 0.28631338162409453
6 0.40766738660907126 0.31014105985512774 0.40739740820734344 0.31585970263057567 0.44154967602591794 0.39916126572626764 0.44856911447084236 0.40144872283644684 0.48825593952483803 0.39687380861608845 0.4919006479481641 0.39401448722836446 0.4919006479481641 0.38753335874952344 0.4740820734341253 0.3425467022493328 0.4480291576673866 0.3011818528402592 0.4423596112311015 0.2988943957300801 0.4272408207343413 0.3019443385436523 0.412122030237581 0.3057567670606176
6 0.3316684665226782 0.3465497521921464 0.33018358531317493 0.34902783072817384 0.35502159827213825 0.4168890583301563 0.36514578833693306 0.43652306519252765 0.36865550755939525 0.43881052230270684 0.37297516198704106 0.43881052230270684 0.4013228941684665 0.434616850934045 0.412122030237581 0.4323293938238658 0.416036717062635 0.4279451010293557 0.41009719222462204 0.3654212733511247 0.38701403887688984 0.3126191383911552 0.3845842332613391 0.3107129241326725 0.3810745140388769 0.31109416698436904
6 0.24622030237580994 0.3436904308044224 0.24595032397408206 0.34902783072817384 0.25107991360691145 0.3795272588638963 0.27173326133909287 0.4681662218833397 0.27821274298056153 0.4712161646969119 0.3025107991360691 0.47159740754860846 0.3365280777537797 0.465497521921464 0.34233261339092874 0.46111322912695385 0.3439524838012959 0.45348837209302323 0.3353131749460043 0.3921082729698818 0.3228941684665227 0.3585589020205871 0.3176295896328294 0.3488372093023256 0.3071004319654428 0.3427373236751811 0.2998110151187905 0.34121235226839497
6 0.29211663066954646 0.5108654212733511 0.31061015118790497 0.5817765916889058 0.31978941684665224 0.5817765916889058 0.3619060475161987 0.558902020587114 0.365280777537797 0.5541364849409074 0.3647408207343413 0.5480365993137629 0.3558315334773218 0.5152497140678612 0.34948704103671707 0.5028593213877239 0.3384179265658747 0.5017155928326343
6 0.37041036717062636 0.46454441479222264 0.3941684665226782 0.5430804422417079 0.40024298056155505 0.5554708349218452 0.43884989200863933 0.5489897064430042 0.44640928725701945 0.5455585207777354 0.44897408207343414 0.5423179565383149 0.451133909287257 0.5373617994662601 0.4505939524838013 0.5320243995425086 0.43817494600431967 0.4900876858558902 0.4169816414686825 0.45367899351887153 0.406182505399568 0.454060236370568 0.37216522678185743 0.46282882195958824
6 0.43466522678185743 0.44738848646587875 0.43412526997840173 0.4492947007243614 0.4379049676025918 0.4653069004956157 0.46247300215982723 0.5148684712161647 0.46692764578833695 0.520777735417461 0.4712473002159827 0.521540221120854 0.4904157667386609 0.5177277926038887 0.49905507559395246 0.5142966069386199 0.5064794816414687 0.5068623713305376 0.5064794816414687 0.4977125428898208 0.49892008639308855 0.4725505146778498 0.47583693304535635 0.43423560808234846 0.470707343412527 0.43309187952725886
6 0.5145788336933045 0.4081204727411361 0.5140388768898488 0.41002668699961875 0.5338822894168467 0.47540983606557374 0.5651997840172787 0.47655356462066334 0.5720842332613391 0.47216927182615326 0.5739740820734341 0.4664506290507053 0.5766738660907127 0.4321387723980175 0.5606101511879049 0.3999237514296607 0.5546706263498921 0.39801753717117805 0.5379319654427646 0.3987800228745711 0.5176835853131749 0.40373617994662603
6 0.5847732181425486 0.4046892870758673 0.583963282937365 0.41002668699961875 0.5967872570194385 0.4746473503621807 0.6008369330453563 0.4757910789172703 0.6237850971922246 0.47388486465878765 0.6397138228941684 0.4708349218452154 0.6436285097192225 0.468356843309188 0.6501079913606912 0.43747617232176894 0.6498380129589633 0.4321387723980175 0.6324244060475162 0.38353030880670985 0.6200053995680346 0.3827678231033168 0.5984071274298056 0.3930613800991231 0.587877969762419 0.3999237514296607
6 0.6501079913606912 0.3913457872664888 0.6686015118790497 0.4487228364468166 0.6869600431965442 0.4586351505909264 0.7020788336933045 0.4571101791841403 0.7046436285097192 0.45425085779641633 0.708963282937365 0.41002668699961875 0.6955993520518359 0.37666793747617233 0.6864200863930886 0.37666793747617233 0.6545626349892009 0.38658025162028214 0.6518628509719222 0.3877239801753717
6 0.7138228941684666 0.39744567289363325 0.7135529157667386 0.4153640869233702 0.714902807775378 0.4321387723980175 0.7170626349892009 0.4489134578726649 0.7197624190064795 0.4565383149065955 0.724757019438445 0.4609226077011056 0.738255939524838 0.4643537933663744 0.7485151187904968 0.46626000762485703 0.7568844492440605 0.46511627906976744 0.7610691144708424 0.4580632863133816 0.7686285097192225 0.42108272969881816 0.7570194384449244 0.36122760198246284 0.7533747300215983 0.3591307662981319 0.7198974082073434 0.35989325200152494 0.7165226781857451 0.36656500190621427
6 0.7427105831533477 0.4908501715592833 0.7446004319654428 0.5316431566908121 0.7567494600431965 0.6231414410979794 0.7594492440604752 0.6338162409454823 0.7614740820734341 0.6362943194815097 0.7765928725701944 0.640106747998475 0.8249190064794817 0.6446816622188334 0.8274838012958964 0.6380099123141441 0.8334233261339092 0.5815859702630576 0.8050755939524838 0.4988562714449104 0.7849622030237581 0.48989706443004194 0.7687634989200864 0.4872283644681662 0.7474352051835853 0.48760960731986275
6 0.6611771058315334 0.5377430423179566 0.6603671706263499 0.580442241707968 0.6614470842332614 0.6463972550514678 0.6625269978401728 0.6509721692718261 0.6664416846652268 0.6534502478078537 0.6740010799136069 0.6538314906595502 0.7352861771058316 0.6534502478078537 0.7370410367170627 0.6483034693099504 0.7329913606911447 0.5983606557377049 0.7159827213822895 0.5423179565383149 0.7107181425485961 0.5371711780404117 0.6629319654427646 0.5116279069767442
6 0.5946274298056156 0.5299275638581776 0.5934125269978402 0.5324056423942051 0.6047516198704104 0.5983606557377049 0.6158207343412527 0.6444910407929851 0.6186555075593952 0.6492565764391918 0.6235151187904968 0.651544033549371 0.6507829373650108 0.6496378192908883 0.652267818574514 0.6402973694243232 0.6506479481641468 0.6036980556614564 0.6433585313174947 0.5411742279832253 0.6380939524838013 0.5360274494853221
6 0.5388768898488121 0.530880670987419 0.5491360691144709 0.666603126191384 0.5530507559395248 0.6721311475409836 0.5803185745140389 0.6667937476172322 0.5866630669546437 0.6589782691574533 0.5893628509719222 0.6036980556614564 0.5755939524838013 0.5373617994662601 0.5727591792656588 0.5329775066717499 0.5689794816414687 0.5306900495615707 0.5400917926565875 0.5295463210064811
6 0.4734071274298056 0.5749142203583683 0.474622030237581 0.6498284407167365 0.49271058315334776 0.7359893252001525 0.4947354211663067 0.7388486465878765 0.49932505399568033 0.7396111322912695 0.5225431965442765 0.7327487609607319 0.5245680345572354 0.7306519252764011 0.5259179265658748 0.7256957682043461 0.5086393088552916 0.6397255051467785 0.5099892008639308 0.5716736561189477 0.5060745140388769 0.5676706061761342 0.4977051835853132 0.5669081204727411 0.47826673866090713 0.571101791841403
6 0.4046976241900648 0.6036980556614564 0.4041576673866091 0.6166603126191383 0.40766738660907126 0.6479222264582539 0.43682505399568033 0.7653450247807854 0.4401997840172786 0.7682043461685093 0.447219222462203 0.7678231033168128 0.4820464362850972 0.7537171178040412 0.48326133909287255 0.7462828821959588 0.4603131749460043 0.5705299275638582 0.455048596112311 0.564620663362562 0.45126889848812096 0.5657643919176516 0.4069924406047516 0.5966450629050706
6 0.3212742980561555 0.5972169271826153 0.3212742980561555 0.6044605413648494 0.3569114470842333 0.7992756385817766 0.36028617710583155 0.8040411742279833 0.3646058315334773 0.806709874189859 0.3754049676025918 0.8074723598932521 0.4115820734341253 0.8025162028211971 0.42292116630669546 0.7983225314525353 0.4252159827213823 0.7924132672512391 0.42575593952483803 0.7863133816240946 0.38660907127429806 0.6040792985131529 0.3845842332613391 0.601982462828822
1 0.5248380129589633 0.6910026686999619 0.5305075593952484 0.7790697674418605 0.5334773218142549 0.8019443385436523 0.5399568034557235 0.8339687380861609 0.5522408207343412 0.8398780022874571 0.5784287257019438 0.8421654593976363 0.5846382289416847 0.8414029736942432 0.5962473002159827 0.8337781166603127 0.6004319654427646 0.8259626382005337 0.6004319654427646 0.8122378955394587 0.5942224622030238 0.7165459397636295 0.5920626349892009 0.6978650400304994 0.588012958963283 0.6822340831109417 0.5849082073434125 0.6797560045749143 0.5751889848812095 0.6778497903164316 0.5560205183585313 0.6778497903164316 0.5290226781857451 0.6866183759054518