2 0.2801799774169922 0.8884359903381642 0.4062271118164062 0.8824153151598806 0.5175431569417317 0.8779402461467679 0.5794620513916016 0.8674355158730159 0.6886100769042969 0.8608172662180814 0.6985886891682942 0.8075522630549805 0.6748167673746746 0.7062836079480102 0.6487369537353517 0.5845626293995858 0.6252193450927735 0.4181808215435933 0.6055545806884767 0.2678167054865425 0.5839061737060548 0.05427144438693357 0.5720774332682292 0.03584548251667822 0.5399068196614584 0.029523773579480155 0.5403709411621095 0.015321270416379137 0.511010487874349 0 0.5120499928792318 0.014777612433862487 0.5138111114501954 0.02480158730158738 0.47159830729166674 0.020488267770876544 0.297371546427409 0.03463685443984368 0.2884419759114584 0.008900714573268973 0.2516937255859375 0.008271688808373695 0.24890899658203136 0.0338775304807914 0.2019945780436198 0.037445005175983516 0.19326845804850262 0.08621696716126069 0.20182291666666669 0.1536080917874397 0.2230389912923177 0.23008414567517835 0.2268187204996745 0.3072835791925467 0.24457295735677081 0.3601217434437544 0.24748484293619794 0.4836129802162411 0.2581183115641276 0.5962310573383944 0.26650428771972656 0.7288701259489303 0.27586619059244794 0.8889167457441913
1 0.38604418436686194 0.8095741315850012 0.3871281941731772 0.876178974005061 0.43376922607421886 0.8750422345870716 0.4508399963378907 0.8380465335288705 0.45244534810384107 0.7970879701518289 0.4389222462972005 0.7904472552910053 0.38608233133951825 0.8055034362778929
5 0.6844139099121094 0.866285297331493 0.6947708129882812 0.8117487635150679 0.6905555725097656 0.780126739705544 0.6446584065755208 0.5776747972739822 0.6283505757649739 0.43770757850241554 0.6132761637369791 0.2882914941338854 0.5694484710693359 0.045065203013572634 0.44646898905436205 0.03952528324131582 0.24969100952148438 0.056571881469979296 0.21114667256673186 0.04876297590292158 0.209503173828125 0.13691644381182425 0.23180643717447919 0.29929495197837586 0.24717330932617188 0.33997494680239243 0.27190526326497394 0.6970189570393374 0.28764088948567706 0.8886920936853002 0.4199028015136719 0.874058258569128 0.5125013987223307 0.8714972250977685 0.6240463256835938 0.8517413230388772 0.6850624084472656 0.865391182137106
6 0.474609375 0.6877156659765356 0.47412109375 0.7374051069703244 0.482666015625 0.746031746031746 0.501220703125 0.7501725327812284 0.534912109375 0.7481021394064873 0.553955078125 0.7418909592822637 0.56005859375 0.7325741890959282 0.56396484375 0.6704623878536922 0.560791015625 0.6625258799171843 0.553466796875 0.6563146997929606 0.531982421875 0.6549344375431332 0.481201171875 0.6708074534161491
6 0.38427734375 0.7443064182194618 0.385009765625 0.7619047619047619 0.411376953125 0.7708764665286404 0.435791015625 0.7543133195307108 0.4404296875 0.7401656314699793 0.4404296875 0.6904761904761905 0.431884765625 0.6825396825396826 0.420654296875 0.6804692891649413 0.395751953125 0.6887508626639062 0.39208984375 0.6932367149758454
6 0.31005859375 0.7167011732229124 0.3095703125 0.7829537612146308 0.312744140625 0.790200138026225 0.330322265625 0.7929606625258799 0.361328125 0.7815734989648033 0.36669921875 0.7063492063492064 0.364990234375 0.6984126984126984 0.353271484375 0.6880607315389924 0.349365234375 0.6880607315389924
6 0.283203125 0.6366459627329193 0.28271484375 0.6608005521049 0.28515625 0.671152518978606 0.290771484375 0.6783988957902002 0.303955078125 0.6770186335403726 0.32861328125 0.6601104209799862 0.326171875 0.6200828157349897 0.320068359375 0.6086956521739131 0.290283203125 0.6190476190476191
6 0.35791015625 0.6193926846100759 0.35791015625 0.65527950310559 0.362060546875 0.6652864044168392 0.371337890625 0.665976535541753 0.4169921875 0.6483781918564527 0.41064453125 0.5945479641131816 0.399658203125 0.583160800552105 0.387451171875 0.5838509316770186 0.370361328125 0.5935127674258109 0.36181640625 0.6048999309868875
6 0.451416015625 0.5534851621808143 0.45068359375 0.5600414078674948 0.46435546875 0.6159420289855072 0.467529296875 0.6211180124223602 0.486572265625 0.6224982746721878 0.509521484375 0.6155969634230504 0.51318359375 0.6118012422360248 0.5126953125 0.5593512767425811 0.506591796875 0.5479641131815045 0.495849609375 0.5431331953071084 0.484130859375 0.5431331953071084
6 0.4263993530273635 0.4873871348056129 0.4313934275309441 0.5033868544398434 0.442626953125 0.5355417529330573 0.460693359375 0.533471359558316 0.486328125 0.520703933747412 0.48974609375 0.47860593512767424 0.485595703125 0.4658385093167702 0.470947265625 0.4610075914423741 0.450927734375 0.4658385093167702
6 0.34033203125 0.48274672187715667 0.34228515625 0.5269151138716356 0.3447265625 0.5400276052449966 0.349365234375 0.549344375431332 0.381591796875 0.5445134575569358 0.38671875 0.5407177363699103 0.38720703125 0.5358868184955141 0.369384765625 0.47135955831608006 0.360107421875 0.4692891649413389 0.349853515625 0.4720496894409938
6 0.2705078125 0.5269151138716356 0.27197265625 0.554520358868185 0.278076171875 0.5652173913043478 0.283935546875 0.5645272601794341 0.322265625 0.5434782608695652 0.32080078125 0.5213940648723258 0.31396484375 0.49516908212560384 0.306396484375 0.484472049689441 0.278564453125 0.4886128364389234 0.2724609375 0.5096618357487923
6 0.28369140625 0.3702553485162181 0.2822265625 0.44133885438233267 0.286376953125 0.45134575569358176 0.291748046875 0.45479641131815046 0.302978515625 0.4554865424430642 0.342529296875 0.4444444444444444 0.3447265625 0.44133885438233267 0.34423828125 0.3826777087646653 0.339111328125 0.3712905452035887 0.330810546875 0.36783988957902003 0.292724609375 0.3636991028295376 0.286376953125 0.36438923395445133
6 0.3567080128987826 0.38040333132045084 0.3597120869954623 0.3970275836783989 0.368896484375 0.4389233954451346 0.388916015625 0.44237405106970323 0.4091796875 0.4365079365079365 0.408203125 0.38198757763975155 0.404541015625 0.3692201518288475 0.386474609375 0.3657694962042788
6 0.42919921875 0.38405797101449274 0.43310546875 0.4220151828847481 0.4375 0.4323671497584541 0.445068359375 0.4389233954451346 0.463623046875 0.4444444444444444 0.486572265625 0.42926155969634233 0.49267578125 0.42063492063492064 0.49560546875 0.37922705314009664 0.489990234375 0.3712905452035887 0.447021484375 0.3712905452035887
6 0.46435546875 0.29020013802622496 0.46484375 0.3150448585231194 0.466796875 0.3219461697722567 0.471435546875 0.32643202208419597 0.487060546875 0.3278122843340235 0.513916015625 0.3202208419599724 0.51611328125 0.31573498964803315 0.517578125 0.24396135265700483 0.511962890625 0.23809523809523808 0.499755859375 0.23464458247066944 0.481689453125 0.23395445134575568 0.472900390625 0.23671497584541062
6 0.37255859375 0.2432712215320911 0.36474609375 0.2888198757763975 0.36865234375 0.3053830227743271 0.384521484375 0.3188405797101449 0.425537109375 0.32298136645962733 0.42724609375 0.3171152518978606 0.427734375 0.24603174603174602 0.412841796875 0.23533471359558317 0.379150390625 0.2360248447204969 0.375244140625 0.23740510697032435
6 0.29150390625 0.2660455486542443 0.29052734375 0.2950310559006211 0.29248046875 0.3164251207729469 0.295654296875 0.32367149758454106 0.3544921875 0.3253968253968254 0.35205078125 0.2991718426501035 0.340576171875 0.2636300897170462 0.329833984375 0.2553485162180814 0.294189453125 0.25189786059351277 0.2919921875 0.2550034506556246
6 0.27099609375 0.09834368530020704 0.267578125 0.11283643892339544 0.27001953125 0.16873706004140787 0.2724609375 0.17701863354037267 0.281494140625 0.18150448585231194 0.325927734375 0.1808143547273982 0.33056640625 0.17287784679089027 0.3349609375 0.13146997929606624 0.3359375 0.10524499654934437 0.33251953125 0.09489302967563837 0.325927734375 0.08764665286404417 0.314697265625 0.0862663906142167 0.273681640625 0.0945479641131815
6 0.37646484375 0.09834368530020704 0.38037109375 0.1445824706694272 0.388427734375 0.1746031746031746 0.411865234375 0.18357487922705315 0.441650390625 0.18219461697722567 0.447265625 0.1777087646652864 0.44873046875 0.10938578329882678 0.444091796875 0.09316770186335403 0.433837890625 0.08695652173913043 0.417724609375 0.08695652173913043 0.385986328125 0.09109730848861283
6 0.47412109375 0.11973775017253278 0.47314453125 0.15976535541752934 0.47900390625 0.19289164941338854 0.490478515625 0.1973775017253278 0.525146484375 0.19530710835058662 0.5361328125 0.11697722567287784 0.5341796875 0.10731538992408558 0.517822265625 0.09730848861283643 0.493896484375 0.0966183574879227 0.476806640625 0.1048999309868875
0 0.51025390625 0.003105590062111801 0.512451171875 0.022774327122153208 0.535400390625 0.027605244996549344 0.53955078125 0.025879917184265012 0.5380859375 0.014837819185645272 0.530517578125 0.00759144237405107 0.513916015625 0.0006901311249137336
0 0.25 0.014147688060731538 0.248046875 0.03347135955831608 0.250732421875 0.037267080745341616 0.279052734375 0.035886818495514144 0.29296875 0.028640441683919944 0.29296875 0.021048999309868876 0.286376953125 0.00966183574879227 0.253173828125 0.00966183574879227