2 0.13808219178082193 0.5263259775454897 0.13808219178082193 0.591753774680604 0.15753424657534246 0.8039101819589625 0.1756164383561644 0.95954316686024 0.17972602739726026 0.9816105303910182 0.1847945205479452 0.994579945799458 0.19 0.9980642663569493 0.5047945205479452 0.9992257065427798 0.5628767123287671 0.9949670925280681 0.5702739726027397 0.989159891598916 0.5745205479452055 0.9823848238482384 0.5435616438356164 0.22686798296554395 0.5430136986301369 0.08826945412311266 0.48383561643835615 0.019744483159117306 0.44164383561643833 0.09330236159504453 0.4158904109589041 0.18815331010452963 0.35835616438356166 0.08130081300813008 0.2924657534246575 0.014324428958575301 0.2845205479452055 0.015098722415795587 0.2793150684931507 0.018583042973286876 0.16493150684931507 0.27603561749903216
3 0.4263013698630137 0.18292682926829268 0.42356164383561645 0.19957413859852885 0.42753424657534245 0.20286488579171505 0.5324657534246575 0.1889276035617499 0.5358904109589041 0.18292682926829268 0.5413698630136986 0.1329849012775842 0.5372602739726028 0.08343012001548587 0.4943835616438356 0.03329461866047232 0.4867123287671233 0.02748741773132017 0.48424657534246573 0.027874564459930314 0.4706849315068493 0.04974835462640341 0.4526027397260274 0.08885017421602788 0.443013698630137 0.11440185830429733 0.4312328767123288 0.15543941153697252
3 0.16219178082191782 0.2986837011227255 0.15397260273972602 0.3219125048393341 0.15397260273972602 0.3273325590398761 0.15657534246575341 0.33062330623306235 0.23164383561643836 0.32868757259001163 0.27794520547945206 0.31823461091753774 0.3187671232876712 0.29849012775842043 0.38835616438356163 0.25822686798296557 0.41191780821917806 0.2415795586527294 0.4145205479452055 0.23828881145954317 0.41863013698630136 0.227061556329849 0.42 0.21157568718544328 0.4197260273972603 0.19415408439798684 0.36219178082191783 0.09504452187379017 0.3489041095890411 0.07471931862175765 0.30945205479452054 0.02516453735965931 0.2897260273972603 0.015098722415795587 0.2828767123287671 0.015098722415795587 0.2784931506849315 0.018583042973286876 0.27424657534246577 0.025745257452574527 0.21945205479452054 0.14847077042198994
5 0.1704109589041096 0.33062330623306235 0.24438356164383562 0.31204026325977546 0.4104109589041096 0.2454510259388308 0.42027397260273974 0.2353852109949671 0.39835616438356164 0.7990708478513356 0.40328767123287673 1 0.18575342465753425 1 0.14082191780821918 0.605497483546264 0.14684931506849316 0.418892760356175
5 0.4246575342465753 0.20209059233449478 0.469041095890411 0.1943476577622919 0.5435616438356164 0.19047619047619047 0.5578082191780822 0.848625629113434 0.5769863013698631 1 0.4010958904109589 1 0.39616438356164385 0.7931464188920058 0.406027397260274 0.6382877274479485 0.4136986301369863 0.31463306232986876
1 0.2586301369863014 1 0.23506849315068493 0.9051490514905149 0.23726027397260274 0.8238482384823849 0.2586301369863014 0.7704219899341851 0.2602739726027397 0.7324816105303911 0.3041095890410959 0.7247386759581882 0.3095890410958904 0.7719705768486256 0.343013698630137 0.7557104142469996 0.383013698630137 0.797522260936895 0.38794520547945205 0.8834688346883469 0.3715068493150685 0.9872241579558653 0.3682191780821918 1 0.26301369863013696 1
6 0.20410958904109588 0.36333720480061943 0.2 0.3714672861014324 0.2021917808219178 0.4272164150212931 0.20424657534246576 0.4370886566008517 0.21246575342465754 0.43941153697251256 0.26109589041095893 0.41289198606271776 0.26164383561643834 0.3962446767324816 0.26 0.37262872628726285 0.25643835616438354 0.35985288424312817 0.2532876712328767 0.3546264034068912 0.23876712328767125 0.3534649632210608
6 0.2945205479452055 0.36372435152922955 0.29534246575342465 0.378435927216415 0.2998630136986301 0.3883081687959737 0.30205479452054795 0.389082462253194 0.32972602739726026 0.38250096786682153 0.3317808219178082 0.3737901664730933 0.3317808219178082 0.35365853658536583 0.3304109589041096 0.3443670150987224 0.3258904109589041 0.3403019744483159 0.31383561643835617 0.3410762679055362 0.2982191780821918 0.3511420828493999
6 0.35315068493150686 0.39663182346109177 0.35315068493150686 0.4063104916763453 0.35575342465753423 0.41037553232675184 0.4042465753424658 0.429732868757259 0.4063013698630137 0.4268292682926829 0.4197260273972603 0.359465737514518 0.42027397260273974 0.3439798683701123 0.41863013698630136 0.33855981416957026 0.41164383561643836 0.3341076267905536 0.36095890410958903 0.33914053426248547 0.3580821917808219 0.3493999225706543
6 0.3663013698630137 0.5282617111885405 0.36575342465753424 0.5433604336043361 0.3689041095890411 0.554006968641115 0.40013698630136985 0.551296941540844 0.4041095890410959 0.5023228803716608 0.4008219178082192 0.48722415795586527 0.3836986301369863 0.4889663182346109 0.3721917808219178 0.49438637243515293 0.37068493150684934 0.49767711962833916
6 0.29863013698630136 0.4996128532713899 0.2989041095890411 0.5301974448315911 0.3 0.5371660859465738 0.30205479452054795 0.54045683313976 0.3208786849318302 0.5303910181958963 0.3351252602742959 0.5327138985675571 0.3358904109589041 0.4876113046844754 0.33273972602739726 0.4831591173054588 0.32205479452054797 0.4819976771196283 0.3036986301369863 0.48625629113433994 0.2997260273972603 0.4938056523422377
6 0.22424657534246575 0.48625629113433994 0.22301369863013698 0.48799845141308557 0.22356164383561644 0.5348432055749129 0.22479452054794521 0.538133952768099 0.2556732054797754 0.5389082462253194 0.26718005479484386 0.5296167247386759 0.2684931506849315 0.48799845141308557 0.26575342465753427 0.4806426635694928 0.2623287671232877 0.47657762291908634 0.2489041095890411 0.47657762291908634
6 0.4589041095890411 0.2684862562911343 0.46 0.2878435927216415 0.4658904109589041 0.29849012775842043 0.47191780821917806 0.30236159504452187 0.49027397260273975 0.3042973286875726 0.5058904109589041 0.2965543941153697 0.5076712328767123 0.2940379403794038 0.5145205479452055 0.24409601238869533 0.5138356164383562 0.24196670538133952 0.46616438356164386 0.2400309717382888 0.4621917808219178 0.24370886566008518
6 0.45095890410958905 0.33042973286875726 0.44690608219210415 0.35849787069299266 0.4552054794520548 0.3832752613240418 0.48854991780854257 0.37553232675183895 0.5154794520547945 0.37398373983739835 0.5148512876715562 0.3507549361207898 0.5208219178082192 0.324235385210995 0.5193150684931507 0.3213317847464189 0.49054794520547945 0.3213317847464189 0.4541095890410959 0.3267518389469609
6 0.4550684931506849 0.5131629887727449 0.4547945205479452 0.5278745644599303 0.459041095890411 0.5358110723964382 0.5020547945205479 0.5226480836236934 0.513972602739726 0.4849012775842044 0.5153424657534247 0.47677119628339143 0.51 0.46612466124661245 0.46287671232876715 0.4665118079752226 0.4578082191780822 0.47793263646922185
6 0.46334443835648775 0.6186604723190089 0.464988273972926 0.629500580720093 0.4654794520547945 0.664924506387921 0.47 0.6662795199380566 0.49547945205479454 0.6651180797522261 0.5008219178082192 0.6374370886566009 0.4947945205479452 0.6138211382113821 0.49027397260273975 0.608207510646535 0.4688238904112823 0.6085946573751452
6 0.4567123287671233 0.7361595044521874 0.45246575342465756 0.7820363917924894 0.463972602739726 0.7835849787069299 0.4949315068493151 0.7762291908633372 0.4980821917808219 0.7717770034843205 0.5019178082191781 0.737708091366628 0.5001369863013698 0.7309330236159505 0.49410958904109586 0.7286101432442896 0.459041095890411 0.7235772357723578
6 0.4617006027400494 0.8277197057684863 0.4605479452054794 0.8406891211769261 0.46273972602739727 0.8554006968641115 0.4673972602739726 0.8724351529229578 0.4724657534246575 0.875725900116144 0.49027397260273975 0.8780487804878049 0.49246575342465754 0.8765001935733643 0.5013698630136987 0.8418505613627565 0.4962211506852549 0.8230739450251645
1 0.4641095890410959 0.9204413472706156 0.46493150684931506 0.981223383662408 0.466986301369863 0.9992257065427798 0.47054794520547943 1 0.5250684931506849 1 0.5301369863013699 0.9994192799070848 0.5350684931506849 0.9258614014711576 0.5335616438356164 0.9198606271777003 0.46671232876712326 0.9190863337204801