2 0.6921875 0.99921875 0.696875 0.98671875 0.69375 0.91640625 0.646875 0.60078125 0.63828125 0.5875 0.60703125 0.59375 0.5921875 0.58046875 0.5640625 0.51015625 0.546875 0.44453125 0.52578125 0.403125 0.51796875 0.4 0.5125 0.40546875 0.50234375 0.4453125 0.47890625 0.45 0.4703125 0.44140625 0.4421875 0.33359375 0.3703125 0.11171875 0.3984375 0.03984375 0.38984375 0.0296875 0.36171875 0.0359375 0.35 0.04453125 0.3453125 0.06015625 0.3640625 0.12421875 0.3625 0.25703125 0.371875 0.44296875 0.36953125 0.45 0.35703125 0.4453125 0.34296875 0.4546875 0.31328125 0.415625 0.3 0.41484375 0.2875 0.53828125 0.290625 0.61328125 0.3046875 0.66640625 0.353125 0.97578125 0.36328125 1
6 0.484375 0.76953125 0.5171875 0.75703125 0.496875 0.64609375 0.48984375 0.640625 0.45625 0.65859375 0.4546875 0.71796875 0.4609375 0.76484375 0.46640625 0.7703125
6 0.3703125 0.83828125 0.39375 0.81328125 0.3859375 0.74453125 0.36796875 0.7421875 0.34453125 0.7546875 0.33359375 0.746875 0.3328125 0.78984375 0.346875 0.83203125 0.35234375 0.8390625
6 0.5921875 0.76640625 0.64375 0.74140625 0.6390625 0.70234375 0.62265625 0.6515625 0.5828125 0.67890625 0.5828125 0.75390625 0.584375 0.76328125
6 0.5546875 0.73203125 0.55859375 0.7234375 0.5796875 0.71640625 0.5703125 0.70703125 0.575 0.63984375 0.56953125 0.5984375 0.55078125 0.6234375 0.54140625 0.6109375 0.53203125 0.6203125 0.52578125 0.6078125 0.51796875 0.64375 0.5078125 0.63984375 0.50390625 0.625 0.5 0.63046875 0.5015625 0.68515625 0.5125 0.72578125 0.52578125 0.73125 0.54921875 0.725
6 0.40337500000000004 0.684203125 0.0731875 0.087171875
1 0.40542187500000004 0.9551875000000001 0.065796875 0.089640625
1 0.6233593749999999 0.949828125 0.0625 0.10032812499999999
1 0.4498355263157894 0.796875 0.4934210526315789 0.7861842105263157 0.5222039473684209 0.774671052631579 0.5386513157894737 0.8618421052631577 0.550986842105263 0.9679276315789475 0.5550986842105263 1 0.48930921052631576 1 0.4769736842105262 0.953125 0.4605263157894736 0.84375 0.4514802631578947 0.7960526315789475
3 0.2993421052631577 0.4111842105263158 0.28207236842105254 0.5476973684210525 0.3050986842105262 0.6768092105263158 0.4029605263157895 0.649671052631579 0.6143092105263156 0.5953947368421053 0.5888157894736841 0.5822368421052632 0.5238486842105262 0.3988486842105264 0.5180921052631579 0.39802631578947373 0.5074013157894737 0.43996710526315785 0.524671052631579 0.5896381578947368 0.4662828947368419 0.44490131578947373 0.3667763157894736 0.10032894736842102 0.3560855263157894 0.3009868421052631 0.37828947368421045 0.5781249999999999 0.35855263157894723 0.535361842105263 0.32894736842105254 0.44407894736842096 0.2985197368421052 0.4087171052631578
5 0.31332236842105265 0.6768092105263157 0.6389802631578947 0.591282894736842 0.6488486842105262 0.5962171052631577 0.6883223684210524 0.9062499999999998 0.6940789473684209 1 0.3593749999999999 1 0.3453947368421052 0.9383223684210525 0.3297697368421052 0.8199013157894737 0.31167763157894723 0.6702302631578947
4 0.9796875 0.13828125 0.9859375 0.10078125 1 0.09453125 1 0.00078125 0.92578125 0 0.9359375 0.02109375 0.909375 0.03203125 0.91171875 0.0375 0.93046875 0.0375 0.934375 0.04296875 0.925 0.09140625 0.93203125 0.09375 0.94921875 0.0828125 0.9515625 0.13359375 0.95859375 0.1375 0.96640625 0.13125