2 0.28904748833379085 0.1240833654959475 0.2887729892945375 0.21709764569664222 0.29041998353005766 0.25955229641065225 0.33735931924238266 0.8550752605171749 0.3420258029096898 0.8793901968351988 0.34408454570409003 0.8826707834812814 0.3525940159209443 0.8880741026630644 0.3707109525116662 0.8880741026630644 0.6281910513313204 0.8753377074488614 0.6320340378808674 0.8734079505982246 0.6354652758715345 0.8658818988807411 0.6692286576996981 0.06812041682747974 0.6689541586604447 0.049980702431493634 0.6630524293164974 0.043226553454264766 0.643837496568762 0.037823234272481666 0.6202305791929729 0.03126206098031648 0.5883886906395828 0.02740254727904284 0.43933571232500684 0.027788498649170205 0.3347515783694757 0.03434967194133539 0.30620367828712597 0.043226553454264766 0.29536096623661817 0.049594751061366266 0.2928904748833379 0.05538402161327673 0.2915179796870711 0.07120802778849865
6 0.29838045566840515 0.09204940177537631 0.3008509470216854 0.2140100347356233 0.3016744441394455 0.21979930528753377 0.303184188855339 0.2215360864531069 0.31032116387592645 0.2238517946738711 0.334202580290969 0.22307989193361635 0.41710129014548447 0.21150135082979546 0.47117760087839694 0.19606329602470088 0.47556958550645073 0.19336163643380935 0.4770793302223442 0.18969509841759938 0.47900082349711776 0.1711694326514859 0.4787263244578644 0.1572751833269008 0.4748833379083173 0.09938247780779622 0.47104035135877026 0.07738324971053648 0.4678836124073566 0.07333076032419915 0.43576722481471314 0.06869934388267078 0.356162503431238 0.07140100347356233 0.3328300850947022 0.07526051717483596 0.3141641504254735 0.08066383635661907 0.3018116936590722 0.08606715553840216
6 0.5050782322261872 0.24642994982632188 0.5059017293439473 0.2823234272481667 0.5097447158934943 0.3344268622153609 0.515509195717815 0.3811269780007719 0.5172934394729618 0.3844075646468545 0.5977216579741971 0.3759166345040525 0.6323085369201208 0.36974141258201465 0.6388965138622015 0.3670397529911231 0.641229755695855 0.3641451177151679 0.6437002470491353 0.3479351601698186 0.6447982432061488 0.290042454650714 0.6439747460883887 0.2614820532612891 0.6399945100192149 0.2527981474334234 0.6323085369201208 0.2497105364724045
6 0.3099094153170464 0.268815129293709 0.31402690090584684 0.3371285218062524 0.3250068624759813 0.40930142802006947 0.3273401043096349 0.41451177151678886 0.33447707933022236 0.41566962562717097 0.394043370848202 0.40602084137398686 0.48627504803733185 0.38903898108838286 0.49107878122426574 0.3853724430721729 0.4913532802635191 0.36568892319567736 0.4866867965962119 0.31126978000771904 0.4759813340653308 0.24257043612504825 0.47460883886906396 0.2375530683133925 0.4709031018391436 0.23195677344654572 0.46266813066154266 0.23157082207641838 0.34600603897886356 0.2535700501736781 0.3259676091133681 0.2589733693554612 0.3130661542684601 0.26476263990737164
6 0.3256931100741147 0.4627556927827094 0.32555586055448804 0.47838672327286763 0.3318693384573154 0.5378232342724817 0.34888827889102386 0.6308375144731764 0.353143013999451 0.6395214203010421 0.5016469942355202 0.5816287147819375 0.5054899807850672 0.5793130065611732 0.5086467197364809 0.5733307603241992 0.5089212187757343 0.5567348514087225 0.5017842437551469 0.4467387109224238 0.49890200384298655 0.4403705133153223 0.48105956629151797 0.43959861057506755 0.36165248421630525 0.4515631030490158
6 0.5251166620916827 0.49073716711694326 0.5248421630524294 0.5571208027788499 0.5253911611309361 0.5632960247008877 0.5274499039253363 0.5665766113469702 0.6117211089761185 0.5685063681976071 0.6143288498490256 0.5648398301813972 0.615426846006039 0.555191045928213 0.6121328575349986 0.4451949054419143 0.6099368652209717 0.43901968351987647 0.6070546253088114 0.4357390968737939 0.5516058193796322 0.4357390968737939 0.5304693933571233 0.44075646468544966 0.5292341476804832 0.4440370513315322
6 0.3412023057919297 0.6748359706676959 0.3450452923414768 0.739675800849093 0.34888827889102386 0.7763411810111925 0.3568487510293714 0.8330760324199151 0.3598682404611584 0.8431107680432266 0.36165248421630525 0.8440756464685449 0.4267087565193522 0.8336549594751061 0.4478451825418611 0.828251640293323 0.45045292341476806 0.8203396372057121 0.4507274224540214 0.810690852952528 0.4317869887455394 0.6624855268236203 0.4279440021959923 0.6512929370899266 0.42204227285204504 0.6507140100347356 0.34381004666483667 0.6727132381319954
6 0.5476255833104584 0.6590119644924739 0.5517430688992588 0.8083751447317638 0.5544880592917925 0.8249710536472404 0.556821301125446 0.828251640293323 0.5606642876749931 0.8286375916634504 0.6018391435629975 0.828251640293323 0.6243480647817733 0.8259359320725589 0.6264068075761735 0.8222693940563489 0.6261323085369201 0.8160941721343111 0.6162503431237991 0.701466615206484 0.6121328575349986 0.6636433809340023 0.609387867142465 0.6505210343496719 0.6078781224265715 0.6483983018139714 0.6026626406807576 0.6483983018139714 0.552978314575899 0.6545735237360093 0.5485863299478452 0.6561173292165187
1 0.4759813340653308 0.7771130837514473 0.47845182541861103 0.8666538016209957 0.48037331869338457 0.8728290235430336 0.48353005764479823 0.8753377074488614 0.5019214932747735 0.8764955615592436 0.5225089212187757 0.8745658047086067 0.5259401592094428 0.8685835584716326 0.5270381553664563 0.8029718255499807 0.5259401592094428 0.7720957159397915 0.5216854241010156 0.7664994210729448 0.506862475981334 0.7610961018911617 0.4843535547625583 0.760324199150907 0.4802360691737579 0.7610961018911617 0.47762832830085095 0.7636047857969895
6 0.5014182450361423 0.21613276727132377 0.579857775185287 0.22038928824134824 0.6435787240369658 0.19638291200308758 0.6508593821484124 0.10594063585488227 0.6410017213377254 0.05029931332818733 0.6284205153719462 0.04976662003087611 0.5672694208070271 0.053721616492988566 0.49742585666575156 0.0585862118873022 0.49785118720834465 0.08112516885372444 0.4919501727056456 0.15165175125434197
5 0.2901454844908043 0.10208413739868777 0.2901454844908043 0.24218448475492088 0.30277244029645894 0.4031262060980316 0.3464177875377436 0.8820918564260903 0.353143013999451 0.8876881512929371 0.3663189678836124 0.8880741026630644 0.6314850398023607 0.8734079505982246 0.6349162777930277 0.8658818988807411 0.6689541586604447 0.07005017367811656 0.6681306615426846 0.050366653801620996 0.6633269283557508 0.043226553454264766 0.6227010705462531 0.032033963720571206 0.5892121877573429 0.028174450019297567 0.4360417238539665 0.028560401389424932 0.3449080428218501 0.0331918178309533 0.3105956629151798 0.04206869934388267 0.2960472138347516 0.04940177537630259 0.29343947296184464 0.05538402161327673