2 0.20625 0.24609375 0.203125 0.36640625 0.215625 0.47265625 0.21875 0.56796875 0.21875 0.67578125 0.209375 0.78203125 0.2125 0.83359375 0.2265625 0.87734375 0.25390625 0.909375 0.27421875 0.9234375 0.32109375 0.9375 0.44453125 0.959375 0.52421875 0.9546875 0.65390625 0.9296875 0.6734375 0.88359375 0.6921875 0.51328125 0.728125 0.15078125 0.72265625 0.1453125 0.59765625 0.14375 0.56015625 0.128125 0.50703125 0.13125 0.43203125 0.115625 0.34453125 0.1125 0.26015625 0.1015625 0.24453125 0.0921875 0.23125 0.11328125 0.234375 0.13359375
5 0.315625 0.25078125 0.31796875 0.271875 0.42109375 0.259375 0.4234375 0.18203125 0.39609375 0.178125 0.36953125 0.1859375 0.35078125 0.1828125 0.34765625 0.1484375
5 0.5265625 0.26015625 0.525 0.31484375 0.53046875 0.325 0.59453125 0.3109375 0.6015625 0.19765625 0.57265625 0.196875 0.55390625 0.2078125 0.55 0.19296875 0.54140625 0.190625
5 0.540625 0.40390625 0.54375 0.45859375 0.57890625 0.45625 0.5828125 0.36953125 0.55390625 0.36875
5 0.5296875 0.52421875 0.5296875 0.56328125 0.53671875 0.5765625 0.5890625 0.56171875 0.5875 0.51484375 0.58046875 0.4921875 0.54140625 0.496875
5 0.3125 0.45859375 0.3109375 0.52890625 0.31875 0.55234375 0.33203125 0.5609375 0.39296875 0.55625 0.396875 0.53828125 0.3890625 0.43203125 0.37421875 0.4296875 0.31953125 0.4453125
5 0.3125 0.58984375 0.3078125 0.64765625 0.31484375 0.6578125 0.34609375 0.65625 0.409375 0.63203125 0.4078125 0.59140625 0.39140625 0.5578125 0.37734375 0.5578125 0.32578125 0.584375 0.31796875 0.5796875
5 0.5328125 0.62734375 0.528125 0.68046875 0.534375 0.70859375 0.54609375 0.7171875 0.59453125 0.728125 0.6 0.64140625 0.5953125 0.60234375 0.57421875 0.596875 0.55234375 0.609375 0.54453125 0.6015625 0.5375 0.60703125
5 0.521875 0.75078125 0.5203125 0.79609375 0.528125 0.83984375 0.59453125 0.834375 0.5984375 0.79609375 0.5875 0.74609375 0.56796875 0.7390625 0.53828125 0.746875 0.53046875 0.7390625
5 0.3265625 0.70703125 0.3296875 0.79921875 0.33515625 0.80625 0.415625 0.78671875 0.4015625 0.69296875 0.39453125 0.6828125 0.37421875 0.6828125 0.34609375 0.69375 0.33671875 0.6828125
4 0.20625 0.23984375 0.2015625 0.35546875 0.2140625 0.48515625 0.2171875 0.59296875 0.209375 0.81171875 0.215625 0.85390625 0.2296875 0.88515625 0.25546875 0.9125 0.28828125 0.9296875 0.43515625 0.959375 0.49765625 0.959375 0.65390625 0.93125 0.671875 0.89765625 0.6765625 0.87421875 0.69375 0.50546875 0.7078125 0.34140625 0.728125 0.19453125 0.728125 0.14921875 0.71640625 0.14375 0.60546875 0.14375 0.55546875 0.1265625 0.50234375 0.1296875 0.43828125 0.115625 0.33828125 0.1109375 0.25546875 0.1 0.24296875 0.0890625 0.2359375 0.10546875 0.2234375 0.11484375 0.2328125 0.11953125 0.2328125 0.13359375
5 0.325 0.30703125 0.321875 0.37578125 0.33203125 0.4140625 0.415625 0.38515625 0.4171875 0.36328125 0.39921875 0.2984375 0.35078125 0.3171875 0.3390625 0.31640625 0.33515625 0.2984375