2 0.326171875 0.049689440993788817 0.3798828125 0.2829537612146308 0.404296875 0.36438923395445133 0.439453125 0.4416839199447895 0.4521484375 0.505175983436853 0.453125 0.5797101449275363 0.470703125 0.7398205659075224 0.4697265625 0.8129744651483782 0.4658203125 0.906832298136646 0.4775390625 0.9095928226363009 0.626953125 0.9013112491373361 0.705078125 0.883367839889579 0.7900390625 0.8364389233954451 0.8349609375 0.8253968253968254 0.8369140625 0.7977915804002761 0.8505859375 0.5355417529330573 0.837890625 0.37405106970324364 0.833984375 0.13802622498274672 0.8251953125 0.01932367149758454 0.7998046875 0.004140786749482402 0.712890625 0.006901311249137336 0.666015625 0.013802622498274672 0.525390625 0.013802622498274672 0.3828125 0.00966183574879227
4 0.3330078125 0.044513457556935816 0.3330078125 0.056935817805383024 0.34765625 0.13975155279503104 0.3740234375 0.2501725327812284 0.39453125 0.31780538302277433 0.43701171875 0.4199447895100069 0.4521484375 0.4799861973775017 0.45703125 0.6028295376121463 0.46923828125 0.709799861973775 0.47216796875 0.7505175983436853 0.47216796875 0.8050379572118702 0.46826171875 0.8726708074534162 0.46875 0.8961352657004831 0.470703125 0.9030365769496205 0.476318359375 0.906832298136646 0.538330078125 0.9075224292615597 0.650634765625 0.8930296756383713 0.694580078125 0.8819875776397516 0.760009765625 0.849551414768806 0.775146484375 0.8391994478951 0.792236328125 0.831608005521049 0.820068359375 0.8260869565217391 0.831787109375 0.8164251207729468 0.83642578125 0.8008971704623878 0.83984375 0.7622498274672188 0.84521484375 0.6394064872325742 0.845703125 0.5614216701173222 0.84375 0.4944789510006901 0.833984375 0.3530020703933747 0.828125 0.07763975155279502 0.82177734375 0.027950310559006212 0.81787109375 0.016908212560386472 0.804443359375 0.010351966873706004 0.763427734375 0.004830917874396135 0.742919921875 0.004830917874396135 0.699951171875 0.012422360248447204 0.667236328125 0.014492753623188406 0.529541015625 0.016563146997929608 0.402099609375 0.013802622498274672 0.386962890625 0.01518288474810214 0.368896484375 0.02139406487232574 0.338134765625 0.03657694962042788
5 0.4609375 0.11421670117322291 0.46240234375 0.21842650103519667 0.485107421875 0.22843340234644582 0.500732421875 0.2277432712215321 0.5126953125 0.2180814354727398 0.521484375 0.2028985507246377 0.5224609375 0.10455486542443064 0.52001953125 0.09558316080055211 0.514404296875 0.08902691511387163 0.502197265625 0.08902691511387163 0.465576171875 0.10559006211180125
5 0.60693359375 0.19703243616287094 0.6064453125 0.22739820565907523 0.608642578125 0.23740510697032435 0.631591796875 0.2443064182194617 0.640625 0.2277432712215321 0.65234375 0.13423050379572118 0.650634765625 0.12698412698412698 0.615966796875 0.1276742581090407 0.61279296875 0.13146997929606624
5 0.6953125 0.13285024154589373 0.70947265625 0.24465148378191856 0.713134765625 0.2560386473429952 0.7421875 0.2525879917184265 0.7548828125 0.24154589371980675 0.76123046875 0.14389233954451347 0.756591796875 0.12698412698412698 0.749267578125 0.12008281573498965 0.742431640625 0.12008281573498965
5 0.5048828125 0.30745341614906835 0.513671875 0.42339544513457555 0.516357421875 0.42857142857142855 0.528564453125 0.4389233954451346 0.577880859375 0.4416839199447895 0.5869140625 0.4113181504485852 0.5849609375 0.28743961352657005 0.576904296875 0.27053140096618356 0.550048828125 0.2712215320910973 0.536865234375 0.27674258109040717 0.513916015625 0.29261559696342304
5 0.621337890625 0.31608005521049 0.63525390625 0.4095928226363009 0.640869140625 0.4278812974465148 0.677734375 0.422360248447205 0.685546875 0.4030365769496204 0.6953125 0.36024844720496896 0.694091796875 0.30434782608695654 0.686279296875 0.3002070393374741 0.631591796875 0.3022774327122153
5 0.7392578125 0.3812974465148378 0.7392578125 0.4075224292615597 0.7607421875 0.41545893719806765 0.771484375 0.41821946169772256 0.78125 0.41235334713595584 0.78857421875 0.3723257418909593 0.79150390625 0.3274672187715666 0.788330078125 0.30710835058661146 0.778076171875 0.30158730158730157 0.74560546875 0.3171152518978606
5 0.5380859375 0.5462387853692201 0.5390625 0.582815734989648 0.544921875 0.6228433402346446 0.553466796875 0.63216011042098 0.577392578125 0.6155969634230504 0.580078125 0.606280193236715 0.5712890625 0.5262249827467219 0.567626953125 0.5224292615596964 0.560791015625 0.5224292615596964 0.540771484375 0.5376121463077985
5 0.633056640625 0.5300207039337475 0.63134765625 0.5420979986197377 0.634765625 0.5835058661145618 0.648681640625 0.6052449965493444 0.652099609375 0.6066252587991718 0.67333984375 0.5876466528640442 0.67529296875 0.5655624568668047 0.67041015625 0.5496894409937888 0.655517578125 0.52311939268461
5 0.71826171875 0.5324361628709455 0.7158203125 0.5986887508626639 0.7177734375 0.6145617667356797 0.733154296875 0.6335403726708074 0.775634765625 0.6432022084195997 0.780517578125 0.6404416839199448 0.78466796875 0.6297446514837819 0.7861328125 0.6048999309868875 0.7724609375 0.510351966873706 0.768798828125 0.5058661145617668 0.761474609375 0.5065562456866805 0.721435546875 0.5251897860593513
5 0.6259765625 0.7022084195997239 0.63037109375 0.7429261559696342 0.634521484375 0.7501725327812284 0.647216796875 0.7598343685300207 0.686279296875 0.766735679779158 0.69140625 0.7601794340924776 0.6865234375 0.7011732229123534 0.678466796875 0.6618357487922706 0.674560546875 0.6611456176673568 0.658935546875 0.6701173222912353
5 0.5498046875 0.7077294685990339 0.55078125 0.7270531400966184 0.563720703125 0.7653554175293306 0.568603515625 0.766735679779158 0.591064453125 0.759144237405107 0.59619140625 0.753968253968254 0.59814453125 0.7415458937198067 0.5966796875 0.717391304347826 0.588623046875 0.7004830917874396 0.573974609375 0.6977225672877847 0.552978515625 0.7039337474120083
5 0.7431640625 0.6946169772256728 0.73974609375 0.7325741890959282 0.741455078125 0.7481021394064873 0.775634765625 0.7660455486542443 0.780517578125 0.7653554175293306 0.79345703125 0.7518978605935127 0.7919921875 0.7260179434092477 0.7958984375 0.7025534851621809 0.787353515625 0.6652864044168392 0.777099609375 0.6645962732919255 0.745361328125 0.68391994478951