2 0.153125 0.86171875 0.1484375 0.93671875 0.15234375 1 0.4234375 0.99921875 0.4296875 0.76015625 0.4234375 0.53515625 0.39375 0.40234375 0.32265625 0.246875 0.309375 0.25390625 0.278125 0.31015625 0.215625 0.47890625 0.1765625 0.66484375
2 0.6390625 0.20546875 0.6484375 0.26796875 0.6625 0.29609375 0.6640625 0.54765625 0.6546875 0.67734375 0.615625 0.87734375 0.6078125 0.99921875 0.79609375 1 0.7984375 0.99453125 0.78359375 0.9890625 0.7796875 0.97734375 0.771875 0.89765625 0.7671875 0.63828125 0.7796875 0.54609375 0.78125 0.44765625 0.79375 0.36640625 0.83125 0.18515625 0.859375 0.11640625 0.859375 0.08828125 0.85390625 0.0828125 0.83671875 0.0859375 0.803125 0.11796875 0.78515625 0.1484375 0.7546875 0.07265625 0.72734375 0.0546875 0.70234375 0.0625 0.678125 0.08515625 0.65 0.14140625
2 0.04375 0.26796875 0.0421875 0.31796875 0.0578125 0.40546875 0.11171875 0.39375 0.121875 0.37109375 0.125 0.27578125 0.1 0.21015625 0.08828125 0.19375 0.07265625 0.1921875 0.0671875 0.19765625 0.0546875 0.22265625
5 0.06796875 0.3140625 0.0640625 0.32578125 0.06875 0.34921875 0.08828125 0.3515625 0.0984375 0.34296875 0.0953125 0.30703125
1 0.6671875 0.82890625 0.665625 0.97890625 0.68359375 0.9875 0.72265625 0.9828125 0.728125 0.97734375 0.7359375 0.92734375 0.740625 0.77578125 0.7359375 0.67109375 0.734375 0.65859375 0.72578125 0.65 0.69765625 0.646875 0.6859375 0.65390625 0.675 0.75078125 0.6765625 0.78828125
1 0.225 0.84609375 0.2234375 0.95234375 0.2296875 0.99296875 0.24453125 0.9953125 0.29453125 0.978125 0.33828125 0.98125 0.34375 0.90859375 0.34140625 0.903125 0.32734375 0.9046875 0.31875 0.89921875 0.3109375 0.86796875 0.32421875 0.840625 0.346875 0.83828125 0.3546875 0.76171875 0.34765625 0.75625 0.23515625 0.7515625 0.2296875 0.75703125
4 0.615625 0.87890625 0.61015625 1 0.7953125 0.99765625 0.78125 0.98359375 0.775 0.93828125 0.765625 0.67265625 0.778125 0.55703125 0.78125 0.44609375 0.7984375 0.34296875 0.7984375 0.31015625 0.72734375 0.2890625 0.68359375 0.2859375 0.665625 0.29453125 0.665625 0.54140625 0.6578125 0.65859375
4 0.04971590909090908 0.2755681818181818 0.1036931818181818 0.265625 0.1235795454545455 0.27414772727272724 0.11789772727272729 0.3920454545454545 0.06392045454545454 0.4076704545454545 0.03977272727272738 0.3025568181818182
4 0.21164772727272735 0.49289772727272724 0.25852272727272724 0.4829545454545453 0.41335227272727265 0.48721590909090906 0.424715909090909 0.580965909090909 0.4303977272727272 0.6946022727272726 0.4204545454545454 1 0.15056818181818182 1 0.14630681818181818 0.984375 0.15198863636363633 0.8494318181818181 0.20170454545454541 0.5482954545454545
3 0.06960227272727275 0.1974431818181818 0.08806818181818177 0.1988636363636363 0.11789772727272732 0.2713068181818181 0.09659090909090912 0.26420454545454536 0.04119318181818181 0.28409090909090906
3 0.3224431818181818 0.2471590909090909 0.30965909090909083 0.2571022727272727 0.22301136363636367 0.450284090909091 0.21590909090909083 0.4943181818181818 0.23153409090909083 0.487215909090909 0.31818181818181807 0.48011363636363635 0.41051136363636365 0.4886363636363635 0.3892045454545455 0.37926136363636354 0.34090909090909094 0.28409090909090906
3 0.6661931818181817 0.2911931818181818 0.690340909090909 0.28409090909090906 0.8011363636363635 0.3167613636363636 0.8295454545454547 0.18039772727272724 0.856534090909091 0.12073863636363638 0.859375 0.0880681818181818 0.8494318181818183 0.08380681818181816 0.8096590909090908 0.11221590909090909 0.7826704545454545 0.15625 0.7727272727272727 0.18892045454545453 0.7769886363636364 0.1349431818181818 0.7542613636363635 0.07670454545454546 0.7286931818181817 0.058238636363636354 0.7045454545454545 0.058238636363636354 0.671875 0.08948863636363638 0.6434659090909088 0.1534090909090909 0.6392045454545453 0.2002840909090909 0.6491477272727272 0.26846590909090906 0.6619318181818181 0.2954545454545454