2 0.3455295735900963 0.6148389570552147 0.3463548830811554 0.6834739263803681 0.35103163686382394 0.72795245398773 0.35405777166437413 0.7432898773006135 0.35832187070151306 0.7492331288343558 0.3687757909215956 0.754217791411043 0.4785419532324622 0.7787576687116564 0.5302613480055021 0.7818251533742331 0.537414030261348 0.7787576687116564 0.5466299862448418 0.7716641104294478 0.5735900962861072 0.23101993865030676 0.5727647867950482 0.2241180981595092 0.5707015130674002 0.22162576687116564 0.5668500687757909 0.21855828220858894 0.556121045392022 0.2151073619631902 0.462585969738652 0.20053680981595093 0.430949105914718 0.19938650306748465 0.40013755158184316 0.2043711656441718 0.39669876203576343 0.20763036809815952 0.3562585969738652 0.5147622699386503
5 0.4198074277854195 0.23370398773006135 0.4195323246217332 0.2739647239263804 0.42434662998624484 0.27837423312883436 0.43947730398899587 0.28144171779141103 0.440990371389271 0.2789493865030675 0.4440165061898212 0.24213957055214724 0.4434662998624484 0.23600460122699388 0.43947730398899587 0.23351226993865032 0.42489683631361763 0.2312116564417178 0.42132049518569464 0.23159509202453987
5 0.5215955983493811 0.2839340490797546 0.5213204951856947 0.29006901840490795 0.5236588720770289 0.2956288343558282 0.5418156808803302 0.30598159509202455 0.5444291609353508 0.3008052147239264 0.5559834938101789 0.2567101226993865 0.5533700137551582 0.25306748466257667 0.5398899587345255 0.24616564417177914 0.5332874828060523 0.24616564417177914
5 0.4096286107290234 0.32381134969325154 0.41031636863823934 0.3339723926380368 0.42434662998624484 0.3366564417177914 0.4331499312242091 0.33550613496932513 0.4346629986244842 0.33339723926380366 0.43961485557083907 0.3000383435582822 0.4372764786795048 0.29754601226993865 0.4196698762035763 0.2906441717791411 0.4171939477303989 0.29141104294478526 0.4156808803301238 0.29390337423312884
5 0.5147180192572215 0.32994631901840493 0.49793672627235214 0.3774923312883436 0.49793672627235214 0.38286042944785276 0.5033012379642365 0.3968558282208589 0.5137551581843192 0.4049079754601227 0.5181568088033013 0.4052914110429448 0.5272352132049518 0.3991564417177914 0.5287482806052269 0.39589723926380366 0.5394773039889958 0.3441334355828221 0.5206327372764786 0.32783742331288346 0.5173314993122421 0.3270705521472393
5 0.4063273727647868 0.37174079754601225 0.405777166437414 0.3870782208588957 0.40729023383768914 0.3945552147239264 0.4199449793672627 0.3995398773006135 0.4261348005502063 0.3989647239263804 0.42916093535075656 0.36138803680981596 0.42737276478679503 0.3558282208588957 0.4125171939477304 0.35199386503067487 0.4097661623108666 0.3531441717791411 0.4079779917469051 0.35640337423312884
5 0.4030261348005502 0.41545245398773006 0.4024759284731774 0.45494631901840493 0.4050894085281981 0.4566717791411043 0.4160935350756534 0.45743865030674846 0.42462173314993124 0.4539877300613497 0.4264099037138927 0.4472776073619632 0.42778541953232463 0.4192868098159509 0.425171939477304 0.4171779141104294 0.4092159559834938 0.4137269938650307
5 0.4844566712517194 0.450728527607362 0.48418156808803303 0.45379601226993865 0.4856946354883081 0.4559049079754601 0.5027510316368639 0.4723926380368098 0.5101788170563961 0.4754601226993865 0.5127922971114168 0.47181748466257667 0.5218707015130674 0.4353911042944785 0.5224209078404402 0.4258052147239264 0.5019257221458047 0.40797546012269936 0.497111416781293 0.41506901840490795
5 0.48830811554332876 0.5151457055214724 0.48775790921595596 0.5412193251533742 0.4892709766162311 0.557898773006135 0.49477303988995874 0.5590490797546013 0.5188445667125172 0.5511886503067485 0.5196698762035763 0.5465874233128835 0.5166437414030262 0.4975076687116564 0.5148555708390646 0.4946319018404908 0.4925722145804677 0.4892638036809816 0.4894085281980743 0.5021088957055214
5 0.39587345254470424 0.49175613496932513 0.3953232462173315 0.5308665644171779 0.39628610729023384 0.5364263803680982 0.40013755158184316 0.5383435582822086 0.40343878954607976 0.5375766871165644 0.43163686382393396 0.527032208588957 0.43191196698762035 0.5074769938650306 0.42861072902338376 0.48101993865030673 0.4262723521320495 0.4746932515337423 0.42407152682255844 0.473159509202454 0.41169188445667126 0.473159509202454 0.3995873452544704 0.4750766871165644
5 0.40013755158184316 0.5575153374233128 0.4019257221458047 0.58454754601227 0.40398899587345255 0.5908742331288344 0.4232462173314993 0.598159509202454 0.42819807427785417 0.598159509202454 0.4310866574965612 0.5960506134969326 0.43218707015130675 0.5910659509202454 0.43191196698762035 0.5699769938650306 0.42902338376891336 0.5509969325153374 0.40756533700137554 0.5521472392638037
5 0.4902338376891334 0.6048696319018405 0.4900962861072902 0.6180981595092024 0.5253094910591471 0.6092791411042945 0.5265474552957359 0.6056365030674846 0.5224209078404402 0.5741947852760736 0.5060522696011004 0.5697852760736196 0.49807427785419534 0.5701687116564417 0.49504814305364514 0.5720858895705522 0.4927097661623109 0.5795628834355828
5 0.4957359009628611 0.6393788343558282 0.4954607977991747 0.6635352760736196 0.49807427785419534 0.6690950920245399 0.5046767537826685 0.6721625766871165 0.5178817056396149 0.6721625766871165 0.5218707015130674 0.6704371165644172 0.5232462173314993 0.65625 0.522971114167813 0.6374616564417178 0.5220082530949106 0.6353527607361963 0.5019257221458047 0.6353527607361963 0.49834938101788173 0.6361196319018405
5 0.3987620357634113 0.6119631901840491 0.4013755158184319 0.6401457055214724 0.40426409903713895 0.6503067484662577 0.4094910591471802 0.6526073619631901 0.42572214580467677 0.6541411042944786 0.4363136176066025 0.6508819018404908 0.4363136176066025 0.6447469325153374 0.4330123796423659 0.6290260736196319 0.42819807427785417 0.6142638036809815 0.4127922971114168 0.6085122699386503 0.4078404401650619 0.6085122699386503
5 0.40096286107290235 0.665260736196319 0.4 0.6666027607361963 0.4 0.6942101226993865 0.4019257221458047 0.70954754601227 0.4060522696011004 0.723351226993865 0.4081155433287483 0.7266104294478528 0.41196698762035766 0.7285276073619632 0.42764786795048143 0.7208588957055214 0.433837689133425 0.7126150306748467 0.43521320495185695 0.7060966257668712 0.4343878954607978 0.6888420245398773 0.43163686382393396 0.6708205521472392 0.42819807427785417 0.6664110429447853 0.40866574965612107 0.6641104294478528
5 0.4998624484181568 0.6846242331288344 0.5004126547455295 0.7103144171779141 0.5031636863823934 0.7222009202453987 0.505777166437414 0.7273773006134969 0.5178817056396149 0.7243098159509203 0.5239339752407153 0.7208588957055214 0.5279229711141679 0.7160659509202454 0.5276478679504815 0.7007285276073619 0.5242090784044017 0.683282208588957 0.5176066024759285 0.6790644171779141 0.5118294360385145 0.6779141104294478 0.5024759284731775 0.6813650306748467
5 0.5037138927097662 0.740989263803681 0.5031636863823934 0.7605444785276073 0.5055020632737276 0.7687883435582822 0.5112792297111417 0.7714723926380368 0.5192572214580468 0.7714723926380368 0.525171939477304 0.7685966257668712 0.5259972489683631 0.7651457055214724 0.5248968363136176 0.7398389570552147 0.5231086657496561 0.7342791411042945 0.5145804676753782 0.7342791411042945 0.505777166437414 0.7377300613496932
5 0.4079779917469051 0.7325536809815951 0.4060522696011004 0.7513420245398773 0.4081155433287483 0.7557515337423313 0.4229711141678129 0.7607361963190185 0.428060522696011 0.7582438650306749 0.4294360385144429 0.7379217791411042 0.42819807427785417 0.7331288343558282 0.41306740027510314 0.7312116564417178
4 0.3463548830811554 0.6056365030674846 0.3458046767537827 0.6631518404907976 0.3466299862448418 0.6838573619631901 0.3502063273727648 0.709930981595092 0.35130674002751033 0.72795245398773 0.3546079779917469 0.7429064417177914 0.35887207702888585 0.7492331288343558 0.36850068775790923 0.7534509202453987 0.4050894085281981 0.7572852760736196 0.41004126547455294 0.7599693251533742 0.42764786795048143 0.7638036809815951 0.43507565337001375 0.7676380368098159 0.44002751031636866 0.7676380368098159 0.4469050894085282 0.7710889570552147 0.4779917469050894 0.7779907975460123 0.5156808803301238 0.7795245398773006 0.5217331499312242 0.7818251533742331 0.533837689133425 0.7795245398773006 0.546079779917469 0.77204754601227 0.5471801925722146 0.7586273006134969 0.5455295735900962 0.7436733128834356 0.5482806052269601 0.7164493865030674 0.547455295735901 0.6765720858895705 0.5488308115543329 0.6558665644171779 0.5513067400275103 0.6397622699386503 0.5513067400275103 0.6037193251533742 0.553232462173315 0.5826303680981595 0.5551581843191197 0.5320168711656442 0.5562585969738651 0.4518788343558282 0.5587345254470426 0.42158742331288346 0.5592847317744154 0.3874616564417178 0.5642365887207703 0.3077070552147239 0.573314993122421 0.22986963190184048 0.5715268225584594 0.22315950920245398 0.5660247592847317 0.21855828220858894 0.5607977991746905 0.21664110429447853 0.46011004126547456 0.20053680981595093 0.4306740027510316 0.19938650306748465 0.40096286107290235 0.2043711656441718 0.39669876203576343 0.2080138036809816 0.3980742778541953 0.21223159509202455 0.3983493810178817 0.21990030674846625 0.39587345254470424 0.24252300613496933 0.3953232462173315 0.2586273006134969 0.3881705639614856 0.294670245398773 0.381292984869326 0.38401073619631904 0.37111416781292983 0.4315567484662577 0.3656121045392022 0.46951687116564417 0.35845942228335625 0.5028757668711656