2 0.3140625 0.41953125 0.3125 0.46015625 0.321875 0.49921875 0.303125 0.54453125 0.309375 0.57734375 0.303125 0.59609375 0.30625 0.61953125 0.29375 0.64609375 0.2828125 0.64765625 0.28125 0.66015625 0.3125 0.68984375 0.3125 0.71015625 0.31953125 0.71875 0.35703125 0.7171875 0.36328125 0.728125 0.47890625 0.71875 0.58515625 0.675 0.584375 0.65703125 0.58984375 0.653125 0.60234375 0.65625 0.640625 0.64453125 0.621875 0.52109375 0.6015625 0.46484375 0.5984375 0.41640625 0.5859375 0.37265625 0.57109375 0.3546875 0.5515625 0.34765625 0.54375 0.31484375 0.5265625 0.30390625 0.51875 0.28671875 0.44921875 0.2046875 0.4421875 0.20703125 0.42265625 0.240625 0.40078125 0.2265625 0.3796875 0.24921875 0.3765625 0.26015625 0.3953125 0.28203125 0.39375 0.28984375 0.3578125 0.36171875 0.33984375 0.36875 0.3296875 0.38046875
0 0.378125 0.24921875 0.375 0.26015625 0.39765625 0.2828125 0.4203125 0.25234375 0.4203125 0.24453125 0.40390625 0.2234375
1 0.4828125 0.56328125 0.4859375 0.68515625 0.4921875 0.70546875 0.50234375 0.7078125 0.55703125 0.6859375 0.56875 0.67421875 0.5625 0.56484375 0.5453125 0.52265625 0.51953125 0.5 0.4953125 0.51484375
5 0.39921875 0.5765625 0.4046875 0.66484375 0.45546875 0.6609375 0.4625 0.64453125 0.45625 0.57109375
5 0.38203125 0.403125 0.3796875 0.43984375 0.3875 0.49140625 0.44140625 0.4890625 0.4484375 0.48359375 0.4484375 0.46640625 0.43125 0.39140625
5 0.475 0.40390625 0.478125 0.47421875 0.53203125 0.475 0.5390625 0.46484375 0.540625 0.40546875 0.546875 0.39765625 0.50234375 0.39375
5 0.32421875 0.5484375 0.31875 0.55390625 0.3234375 0.58671875 0.34609375 0.584375 0.3515625 0.57734375 0.3484375 0.54296875
5 0.58046875 0.5578125 0.578125 0.58828125 0.59765625 0.6 0.609375 0.58828125 0.6046875 0.55546875
5 0.59296875 0.615625 0.5953125 0.65234375 0.60859375 0.65625 0.61953125 0.6515625 0.6265625 0.64140625 0.6203125 0.61171875
5 0.33305921052631576 0.6866776315789472 0.3379934210526315 0.7129934210526316 0.3610197368421053 0.707236842105263 0.3519736842105262 0.6751644736842104 0.3379934210526315 0.6866776315789472
4 0.35690789473684204 0.38404605263157887 0.38486842105263147 0.37171052631578927 0.5501644736842104 0.37417763157894746 0.582236842105263 0.678453947368421 0.4629934210526315 0.7245065789473684 0.3593749999999999 0.7294407894736841 0.36266447368421045 0.3856907894736842
3 0.4457236842105262 0.20148026315789475 0.3478618421052633 0.3824013157894737 0.5624999999999998 0.37335526315789475 0.5139802631578947 0.2746710526315789 0.4506578947368419 0.19983552631578946
3 0.3478618421052631 0.47779605263157887 0.30016447368421045 0.5526315789473684 0.3593749999999999 0.5419407894736843 0.3519736842105262 0.4810855263157895
3 0.5567434210526315 0.42680921052631576 0.564967105263158 0.5460526315789472 0.6299342105263157 0.5230263157894737 0.6143092105263156 0.4712171052631578 0.5575657894736838 0.4276315789473683