2 0.2984375 0.47578125 0.2953125 0.49609375 0.284375 0.51484375 0.28671875 0.5234375 0.34765625 0.51875 0.3578125 0.52421875 0.3640625 0.66953125 0.35625 0.95078125 0.61328125 0.9453125 0.68046875 0.9515625 0.690625 0.80078125 0.6859375 0.73515625 0.6890625 0.52421875 0.80390625 0.51875 0.81875 0.51015625 0.8203125 0.49765625 0.81328125 0.4859375 0.8421875 0.48671875 0.8421875 0.47890625 0.83046875 0.4671875 0.79140625 0.4390625 0.7234375 0.37578125 0.7203125 0.10078125 0.69765625 0.0984375 0.6859375 0.10703125 0.67109375 0.30625 0.61875 0.24921875 0.55625 0.16015625 0.51484375 0.1203125 0.421875 0.31953125
0 0.6734375 0.21953125 0.6734375 0.31796875 0.72265625 0.3734375 0.725 0.11328125 0.71953125 0.0953125 0.69921875 0.0953125 0.6859375 0.10234375
3 0.2984375 0.47265625 0.28515625 0.5234375 0.32890625 0.5171875 0.55546875 0.509375 0.67265625 0.5203125 0.78515625 0.5203125 0.8171875 0.51328125 0.821875 0.49921875 0.8109375 0.48671875 0.81640625 0.48125 0.83359375 0.4890625 0.84375 0.48671875 0.83515625 0.4703125 0.79765625 0.44375 0.70625 0.36015625 0.5703125 0.17890625 0.51484375 0.1203125 0.425 0.31484375 0.334375 0.43515625
5 0.3921875 0.54609375 0.3953125 0.63984375 0.41171875 0.64375 0.44765625 0.634375 0.45 0.61484375 0.4375 0.54921875
5 0.475 0.54296875 0.4828125 0.62109375 0.53046875 0.615625 0.5328125 0.59765625 0.51875 0.53828125
5 0.571875 0.53828125 0.5703125 0.57734375 0.58203125 0.61875 0.62265625 0.6171875 0.6484375 0.60703125 0.64296875 0.5375 0.58359375 0.54375
5 0.5953125 0.64296875 0.5875 0.67890625 0.596875 0.71171875 0.63203125 0.71875 0.65859375 0.715625 0.6671875 0.69296875 0.665625 0.65078125 0.63515625 0.64375 0.60078125 0.65 0.6015625 0.63984375
5 0.47890625 0.6671875 0.4875 0.76796875 0.53671875 0.76875 0.54375 0.75546875 0.54375 0.68203125 0.52109375 0.68125 0.51484375 0.675 0.48515625 0.68125
5 0.39609375 0.68125 0.4 0.72265625 0.3953125 0.73515625 0.4015625 0.73828125 0.4046875 0.76640625 0.46328125 0.7671875 0.4671875 0.71640625 0.4625 0.68046875 0.43203125 0.671875
1 0.575 0.71640625 0.571875 0.94140625 0.68046875 0.9484375 0.6859375 0.73828125 0.68046875 0.7328125 0.59765625 0.7203125 0.5859375 0.71328125 0.58515625 0.70625
4 0.522734375 0.72940625 0.32101562499999997 0.44743750000000004