2 0.2566058294742577 0.4167953667953668 0.25469899210024516 0.5052123552123552 0.2560610187959684 0.5283783783783784 0.2647779896485971 0.6623552123552123 0.2833015527104331 0.8283783783783784 0.2873876327976028 0.8395752895752896 0.29842004903296104 0.857915057915058 0.32211931353854534 0.8791505791505791 0.3564423862707709 0.8953667953667954 0.3842277308635249 0.9030888030888031 0.869926450558431 0.9409266409266409 0.8982566058294743 0.9355212355212356 0.906564968673386 0.9283783783783783 0.9139199128302915 0.8461389961389961 0.9141923181694361 0.8214285714285714 0.9060201579950967 0.6951737451737452 0.8512666848270226 0.23262548262548263 0.8281122309997276 0.12027027027027028 0.8161263960773631 0.08204633204633205 0.8116317079814764 0.07451737451737452 0.7925633342413512 0.06872586872586872 0.7767638245709616 0.06795366795366796 0.6195859438845002 0.07142857142857142 0.32947425769545086 0.11003861003861004 0.2981476436938164 0.11621621621621622 0.294197766276219 0.1222007722007722 0.28221193135385453 0.1611969111969112 0.27730863524925087 0.1947876447876448
4 0.2560610187959684 0.4276061776061776 0.2552438027785345 0.511003861003861 0.2628711522745846 0.6465250965250965 0.27758104058839556 0.7828185328185329 0.28657041678016887 0.8391891891891892 0.2981476436938164 0.8583011583011583 0.3125851266684827 0.8729729729729729 0.32947425769545086 0.8841698841698842 0.3558975755924816 0.8953667953667954 0.3815036774720785 0.9015444015444015 0.8701988558975756 0.9420849420849421 0.8862707709071098 0.9397683397683397 0.9076545900299646 0.9283783783783783 0.9141923181694361 0.831081081081081 0.9062925633342414 0.6994208494208494 0.8490874421138654 0.227992277992278 0.8289294470171615 0.12258687258687259 0.8142195587033506 0.07818532818532818 0.8119041133206211 0.0749034749034749 0.7933805502587851 0.06988416988416989 0.6269408880414056 0.0722007722007722 0.3242985562517025 0.11119691119691119 0.2976028330155271 0.1166023166023166 0.2936529555979297 0.12181467181467182 0.2819395260147099 0.16737451737451736 0.2781258512666848 0.19015444015444016 0.257150640152547 0.4052123552123552
5 0.31408335603377824 0.1893822393822394 0.313538545355489 0.20907335907335908 0.31707981476436936 0.2225868725868726 0.33356033778262056 0.25096525096525096 0.34282211931353856 0.2505791505791506 0.3766003813674748 0.24015444015444015 0.3805502587850722 0.23416988416988416 0.3805502587850722 0.22606177606177605 0.3725143012803051 0.16023166023166024 0.35671479160991554 0.1552123552123552 0.34799782075728686 0.15482625482625484 0.33873603922636886 0.1555984555984556 0.32266412421683466 0.1613899613899614 0.3165350040860801 0.166988416988417
5 0.3958957595568872 0.15958815958815956 0.3987439560065377 0.22548664736164725 0.45313635022246435 0.2344101914414414 0.45926192340869887 0.2223948278635778 0.4544664544175066 0.14052948037323035
5 0.46399709434304903 0.14285714285714282 0.4720202828475438 0.21420024935649934 0.5396108576228094 0.19851994851994847 0.5293672818487242 0.12666405244530246 0.4605033539907382 0.13894586550836552
5 0.5384545537092527 0.12483912483912481 0.5490741056024699 0.19755469755469754 0.6129191069644965 0.17439370173745167 0.6041546070552983 0.10584580115830115 0.5511277864796151 0.1070573922136422 0.5335101130482157 0.12252654440154438
5 0.6274402978298373 0.07850707850707848 0.6120891219467902 0.1431034829472329 0.7135672046672114 0.17465009652509653 0.7109318248887678 0.09232223294723296 0.6386450955688731 0.08458011583011583
5 0.7181498569871969 0.10184403153153156 0.722902762644148 0.1590200691763192 0.7286984699900116 0.180652750965251 0.7923448424589121 0.16348938223938225 0.8001552142922004 0.15666224259974262 0.8133498479070191 0.08039233429858432 0.7763055593389632 0.08666143822393822 0.7494622832107511 0.10409125643500647
5 0.3377826205393626 0.5032175032175031 0.3363283732861163 0.6325561052123552 0.4048766230818123 0.6439480775418275 0.46054591732497946 0.6219232625482626 0.46488383047307724 0.531380711068211 0.44054469717606465 0.4929013835263835
5 0.5035100562971035 0.4865468146718145 0.51284916121856 0.620746862934363 0.6275786286661218 0.6114261583011584 0.6483211602197403 0.5743444337194338 0.6263478389176428 0.46070121460746477 0.5089829916916371 0.4845911759974261
5 0.6670986845092163 0.47205296814671804 0.6561599076091892 0.6090130308880309 0.7810761997185146 0.603739342020592 0.7976688061836014 0.5909145752895753 0.8015172409879233 0.5499115186615188 0.8164747060292383 0.4799760698198199 0.781622429174612 0.46811655405405406 0.6704328123581225 0.4568301560489061