2 0.765439453125 0.36163561076604556 0.2873876953125 0.7232781228433403
4 0.7581787109375 0.44866114561766735 0.29890625 0.5637612146307799
3 0.6455078125 0.06521739130434782 0.64697265625 0.1611456176673568 0.650634765625 0.16770186335403728 0.815673828125 0.16908212560386474 0.844482421875 0.16701173222912352 0.85546875 0.16183574879227053 0.764892578125 0.0945479641131815 0.702392578125 0.05521048999309869 0.670166015625 0.04209799861973775 0.653076171875 0.03864734299516908 0.6484375 0.04175293305728088
1 0.72412109375 0.5821256038647343 0.7255859375 0.6400966183574879 0.73095703125 0.7042788129744652 0.733154296875 0.7073844030365769 0.760986328125 0.7087646652864045 0.7841796875 0.6055900621118012 0.787109375 0.5876466528640442 0.78662109375 0.572463768115942 0.757080078125 0.5376121463077985 0.741455078125 0.5341614906832298 0.7373046875 0.5372670807453416
5 0.65625 0.4220151828847481 0.65869140625 0.45997239475500346 0.662353515625 0.474120082815735 0.677978515625 0.47964113181504486 0.699951171875 0.4810213940648723 0.70361328125 0.4779158040027605 0.7080078125 0.458592132505176 0.7080078125 0.44616977225672877 0.70654296875 0.43788819875776397 0.702880859375 0.432712215320911 0.687744140625 0.42374051069703245 0.667236328125 0.41752933057280883 0.659912109375 0.41821946169772256
5 0.716796875 0.4309868875086266 0.71630859375 0.4717046238785369 0.718505859375 0.47895100069013113 0.731689453125 0.4782608695652174 0.7568359375 0.46618357487922707 0.7568359375 0.4385783298826777 0.753662109375 0.4306418219461698 0.727294921875 0.42650103519668736
5 0.7916037241617837 0.44797417759374275 0.78662109375 0.4675638371290545 0.78857421875 0.48826777087646656 0.796630859375 0.4975845410628019 0.818115234375 0.5024154589371981 0.8203125 0.49930986887508627 0.82373046875 0.4730848861283644 0.8232421875 0.458592132505176
5 0.6533203125 0.2839889579020014 0.6533203125 0.30400276052449965 0.6591796875 0.32677708764665286 0.663818359375 0.33540372670807456 0.688232421875 0.3388543823326432 0.71240234375 0.3329882677708765 0.7099609375 0.3115942028985507 0.701904296875 0.2836438923395445 0.659423828125 0.26846100759144237 0.65576171875 0.2722567287784679
5 0.71630859375 0.3695652173913043 0.716796875 0.4164941338854382 0.729248046875 0.4251207729468599 0.751220703125 0.4278812974465148 0.75341796875 0.424775707384403 0.755859375 0.40200138026224985 0.75341796875 0.36749482401656314 0.749267578125 0.36231884057971014 0.720947265625 0.3547273982056591 0.71728515625 0.3605935127674258
5 0.6630859375 0.36266390614216704 0.66259765625 0.39648033126293997 0.666748046875 0.41752933057280883 0.695068359375 0.422360248447205 0.704833984375 0.422360248447205 0.708984375 0.4192546583850932 0.71044921875 0.352311939268461 0.708740234375 0.3492063492063492 0.670654296875 0.3388543823326432 0.66552734375 0.34679089026915116
5 0.77685546875 0.310904071773637 0.77490234375 0.3530020703933747 0.777587890625 0.357487922705314 0.796630859375 0.36024844720496896 0.81640625 0.3530020703933747 0.822265625 0.3274672187715666 0.8212890625 0.3026224982746722 0.819091796875 0.29606625258799174 0.780517578125 0.2981366459627329