2 0.35248322147651007 0.11156225831399845 0.35194630872483224 0.11968290796597061 0.4112751677852349 0.8988785769528229 0.41395973154362414 0.9205336426914154 0.4260402684563758 0.9680974477958236 0.43154362416107384 0.9783449342614076 0.44201342281879197 0.9887857695282289 0.45436241610738254 0.9957463263727765 0.5969127516778523 0.997293116782676 0.6954362416107382 0.9895591647331786 0.6966442953020134 0.9851121423047177 0.6969127516778524 0.9421887084300077 0.68 0.13979118329466358 0.6789261744966443 0.1297370456303171 0.5923489932885906 0.007733952049497293 0.583489932885906 0 0.4159731543624161 0 0.4079194630872483 0.0015467904098994587 0.4021476510067114 0.010634184068058779
3 0.3685906040268456 0.08062645011600927 0.3554362416107383 0.11272235112142305 0.3567785234899329 0.11852281515854601 0.3606711409395973 0.1214230471771075 0.6052348993288591 0.10518174787316319 0.6326174496644296 0.1017014694508894 0.6389261744966444 0.09648105181747874 0.63248322147651 0.07907965970610982 0.5930201342281879 0.011407579273008507 0.5845637583892618 0.002320185614849188 0.5765100671140939 0 0.4224161073825503 0 0.408993288590604 0.0034802784222737818 0.40375838926174495 0.009474091260634185
0 0.6397315436241611 0.16299303944315546 0.6246979865771812 0.9889791183294664 0.6269798657718121 0.9926527455529776 0.6425503355704698 0.9957463263727765 0.6822818791946309 0.9965197215777262 0.6981208053691275 0.991492652745553 0.6993288590604027 0.9878190255220418 0.6805369127516778 0.1297370456303171 0.6763758389261745 0.12296983758700696 0.66 0.10440835266821345 0.6476510067114094 0.09551430781129157 0.6453691275167786 0.09648105181747874 0.6429530201342282 0.10382830626450117
5 0.411006711409396 0.169953596287703 0.4112751677852349 0.18503480278422274 0.4174496644295302 0.22641144624903325 0.42 0.23279195668986852 0.4229530201342282 0.23356535189481825 0.5397315436241611 0.22080433101314773 0.5569127516778524 0.21655065738592422 0.5687248322147651 0.20959010054137664 0.5731543624161074 0.20320959010054138 0.5734228187919463 0.19779582366589327 0.5664429530201343 0.16763341067285384 0.563489932885906 0.1583526682134571 0.5595973154362416 0.15506573859242073 0.48067114093959734 0.1608662026295437 0.4261744966442953 0.16666666666666666
5 0.5836241610738255 0.17382057231245165 0.5846979865771812 0.19779582366589327 0.5900671140939597 0.2314385150812065 0.594496644295302 0.24323279195668987 0.5998657718120806 0.24632637277648878 0.6081879194630873 0.2459396751740139 0.6191946308724833 0.24323279195668987 0.628993288590604 0.23607888631090487 0.6303355704697987 0.23221191028615623 0.6306040268456375 0.21635730858468677 0.6281879194630873 0.1919953596287703 0.625234899328859 0.17498066511987626 0.6205369127516779 0.16163959783449341 0.6151677852348993 0.1608662026295437 0.5883221476510068 0.168600154679041 0.5845637583892618 0.17130703789636503
5 0.578255033557047 0.31612529002320183 0.5766442953020134 0.3505413766434648 0.5808053691275168 0.3839907192575406 0.6119463087248322 0.38167053364269143 0.6217449664429531 0.3768368136117556 0.6225503355704698 0.37219644238205724 0.6112751677852349 0.309938128383604 0.6097986577181208 0.3066511987625677 0.6071140939597316 0.30549110595514306 0.5920805369127516 0.308584686774942 0.5805369127516778 0.3128383604021655
5 0.4268456375838926 0.34783449342614076 0.4273825503355705 0.35788863109048724 0.43275167785234897 0.37838360402165505 0.4375838926174497 0.39153132250580047 0.4412080536912752 0.39443155452436196 0.5373154362416107 0.3805104408352668 0.5491275167785235 0.3762567672080433 0.5514093959731544 0.37296983758700697 0.5497986577181208 0.3165119876256767 0.5491275167785235 0.314385150812065 0.5461744966442953 0.3128383604021655 0.4629530201342282 0.3190255220417633 0.44281879194630874 0.32753286929621034 0.4350335570469799 0.3333333333333333 0.4297986577181208 0.33894044856921884
5 0.4488590604026846 0.4510827532869296 0.45100671140939597 0.49593967517401394 0.4558389261744966 0.5152745552977571 0.4589261744966443 0.5181747873163186 0.5144966442953021 0.520108275328693 0.5378523489932886 0.5146945088940449 0.5426845637583892 0.5119876256767208 0.5446979865771812 0.5087006960556845 0.5532885906040268 0.4808584686774942 0.549261744966443 0.45494972931167826 0.5451006711409396 0.4450889404485692 0.46483221476510067 0.4462490332559938 0.45114093959731544 0.44779582366589327
5 0.5736912751677853 0.447215777262181 0.5728859060402685 0.47467130703789634 0.578255033557047 0.5009667440061871 0.5805369127516778 0.5050270688321732 0.5842953020134228 0.5073472544470224 0.5928859060402685 0.508507347254447 0.6041610738255033 0.5065738592420727 0.6126174496644295 0.5017401392111369 0.6171812080536913 0.49168600154679043 0.6171812080536913 0.4820185614849188 0.6158389261744966 0.46268368136117555 0.6120805369127517 0.4433488012374323 0.6092617449664429 0.43696829079659705 0.6079194630872483 0.4358081979891725
5 0.585503355704698 0.5523975251353441 0.5857718120805369 0.5783062645011601 0.5892617449664429 0.6061484918793504 0.5920805369127516 0.6090487238979119 0.6076510067114094 0.6117556071152359 0.6194630872483221 0.6094354215003867 0.6238926174496644 0.6022815158546017 0.6300671140939598 0.5821732405259087 0.6201342281879194 0.5570378963650425 0.6175838926174496 0.5533642691415314 0.6060402684563758 0.5460170146945089 0.5883221476510068 0.5475638051044084
5 0.4574496644295302 0.5593580819798917 0.4571812080536913 0.5713457076566125 0.4628187919463087 0.6049883990719258 0.46684563758389264 0.6239365815931941 0.47073825503355704 0.6276102088167054 0.521744966442953 0.6225831399845321 0.5531543624161074 0.6160092807424594 0.5735570469798658 0.6105955143078113 0.5769127516778524 0.6057617942768755 0.578255033557047 0.6007347254447022 0.5777181208053691 0.5868136117556071 0.5715436241610738 0.5636117556071152 0.5675167785234899 0.5523975251353441 0.5625503355704699 0.5475638051044084 0.5531543624161074 0.5471771075019335 0.4589261744966443 0.5564578499613302
5 0.4966442953020134 0.6854215003866976 0.498255033557047 0.7016627996906419 0.5063087248322148 0.7345320959010054 0.5096644295302013 0.7393658159319412 0.5732885906040268 0.7339520494972931 0.5753020134228188 0.7306651198762568 0.5728859060402685 0.6993426140757927 0.5688590604026845 0.6792343387470998 0.5646979865771812 0.6682134570765661 0.5526174496644295 0.6693735498839907 0.4981208053691275 0.6821345707656613
5 0.5884563758389262 0.6626063418406806 0.5897986577181208 0.701276102088167 0.5923489932885906 0.7103634957463264 0.6122147651006712 0.711523588553751 0.6222818791946308 0.7032095901005414 0.6238926174496644 0.695862335653519 0.6238926174496644 0.6873549883990719 0.6204026845637584 0.6656999226604795 0.6181208053691275 0.6608662026295437 0.6122147651006712 0.656999226604795 0.6065771812080537 0.656999226604795 0.5893959731543624 0.6608662026295437
5 0.5922147651006712 0.8052977571539056 0.5922147651006712 0.8188321732405259 0.5959731543624162 0.8435808197989172 0.598523489932886 0.8503480278422274 0.6100671140939598 0.851508120649652 0.6220134228187919 0.8474477958236659 0.6236241610738255 0.8420340293890178 0.6233557046979866 0.8312064965197216 0.6217449664429531 0.8091647331786543 0.619731543624161 0.8047177107501934
5 0.5102013422818792 0.7846094354215004 0.5103355704697986 0.7921500386697602 0.521744966442953 0.8546017014694509 0.5766442953020134 0.8389404485692189 0.5769127516778524 0.832753286929621 0.5728859060402685 0.8076179427687549 0.5646979865771812 0.7795823665893271 0.5563758389261745 0.777262180974478
1 0.4767785234899329 0.9035189481825213 0.47812080536912754 0.9433488012374324 0.4840268456375839 0.990139211136891 0.4865771812080537 0.9965197215777262 0.5069798657718121 0.9992266047950503 0.5624161073825503 0.9943928847641145 0.5640268456375839 0.9882057231245166 0.5683221476510067 0.944122196442382 0.5735570469798658 0.8754833720030936 0.554496644295302 0.8727764887857695 0.536241610738255 0.8731631863882444 0.48630872483221477 0.8812838360402165 0.47812080536912754 0.887277648878577
4 0.356152125279642 0.12245424078370708 0.38589205816554806 0.12386911091776237 0.42168274608501116 0.11251993909512761 0.6413590604026845 0.10496725154679042 0.6447951621923939 0.1314066930910029 0.6317918064876958 0.5132252594096417 0.639869966442953 0.5429677429749935 0.622930648769575 0.7701827951791699 0.628177432885906 0.9618851105310646 0.6199419742729307 1 0.4314212807606265 1 0.4119267337807607 0.8941878544728024 0.40402335011185697 0.6781558149651973 0.3836549217002238 0.42256783320443414