2 0.2682506001371742 0.15716470729366602 0.29355281207133044 0.15407069737683943 0.33800582990397804 0.1694357805502239 0.580393375628715 0.22918166186820213 0.6029163808870598 0.25087472008957135 0.6142082475994513 0.2918616042866282 0.6101537494284407 0.4362703934740882 0.5830582704618199 0.7510396673064619 0.5530156893004116 0.8940189139475366 0.5215656435756745 0.9573636436340373 0.4785593850022863 0.9877039347408829 0.394361568358482 0.9935820537428023 0.2612704332418838 0.9687250079974409 0.22281521490626433 0.9784818857965452 0.2179926840420668 0.9724688099808061 0.24325202903520804 0.6857605566218812 0.2562692901234568 0.5124610124760077 0.2552654892546868 0.29681002079334623
5 0.30480109739369 0.35719769673704416 0.3045267489711934 0.36986564299424185 0.3058984910836763 0.37562380038387716 0.33855238340192045 0.39480366282789503 0.360457390260631 0.3798334532949456 0.3635116598079561 0.3019193857965451 0.3603566529492455 0.2998080614203455 0.348559670781893 0.2998080614203455 0.32578875171467764 0.30441458733205373 0.31015089163237314 0.3124760076775432
5 0.4381980166895289 0.3538367722328854 0.43682627457704604 0.3634337012156109 0.4371006229995426 0.3856985764555341 0.4520068872885231 0.3861514315419066 0.4603087848651119 0.3863513675623801 0.47512288523090995 0.3980076375559821 0.47880158321902133 0.3853146992962251 0.4878550811614082 0.3526851407549583 0.4900498685413807 0.3308041426743441 0.47913094421582075 0.32134217050543823 0.45066729538180156 0.31689359404990397
5 0.5396433470507545 0.3414587332053743 0.5374485596707819 0.4071017274472169 0.5724279835390946 0.4061420345489443 0.5783264746227709 0.3944337811900192 0.5887517146776406 0.34990403071017273 0.5887517146776406 0.3383877159309021 0.5814814814814815 0.3316698656429942 0.5770919067215363 0.3297504798464491 0.5411522633744856 0.3305182341650672
5 0.31851851851851853 0.46660268714011516 0.32181069958847736 0.517274472168906 0.3290466392318244 0.5167396433141396 0.3532235939643347 0.5201535508637236 0.37229080932784636 0.4884836852207294 0.3786008230452675 0.46660268714011516 0.3786008230452675 0.4596928982725528 0.3776406035665295 0.4556621880998081 0.3724279835390947 0.45374280230326297 0.32771419181527217 0.4541896593090211
5 0.4235939643347051 0.5264875239923225 0.4222222222222222 0.537236084452975 0.42345679012345677 0.5412667946257198 0.44320987654320987 0.5428023032629559 0.46282578875171465 0.5249520153550864 0.4754458161865569 0.4892514395393474 0.48175582990397803 0.4669865642994242 0.48093278463648836 0.4604606525911708 0.47229080932784634 0.4422264875239923 0.4429355281207133 0.43877159309021113 0.4375857338820302 0.44280230326295583
5 0.5333333333333333 0.5111324376199616 0.5421846422039323 0.5200935700575815 0.5552126200274349 0.5216430742162509 0.5717199645633289 0.5191588691618683 0.5782893232738914 0.4898982325655791 0.5816186556927297 0.4616122840690979 0.5768175582990398 0.4575815738963532 0.5688614540466392 0.45527831094049903 0.5449931412894375 0.45719769673704413 0.5422496570644719 0.45911708253358924 0.5390946502057613 0.4669865642994242
5 0.3135802469135803 0.5871401151631478 0.303840877914952 0.6422264875239924 0.3117969821673525 0.6464491362763916 0.36062528577960684 0.648127599168266 0.3697773776863284 0.6413247760716572 0.37983539094650204 0.581573896353167 0.34910836762688613 0.5738963531669866 0.31920438957475994 0.5750479846449136
5 0.4384144947416552 0.6582443618042229 0.48655692729766803 0.6748560460652591 0.49026063100137174 0.6689059500959693 0.5050754458161866 0.6159309021113244 0.5056241426611797 0.6017274472168906 0.5032921810699589 0.599232245681382 0.4832647462277092 0.5915547024952016 0.4550068587105624 0.5861804222648752 0.4430727023319616 0.6239923224568138
5 0.5176954732510288 0.6796545105566218 0.5160493827160494 0.7026871401151632 0.5336934156378601 0.7152961052463211 0.5549625628715135 0.7200895713371721 0.5711934156378601 0.7134357005758157 0.588477366255144 0.6293666026871401 0.5887517146776406 0.6243761996161229 0.5873799725651577 0.6201535508637236 0.5650205761316872 0.601151631477927 0.5296296296296297 0.5969289827255279
5 0.5253772290809328 0.7767754318618042 0.5138545953360768 0.8178502879078695 0.5138545953360768 0.8232245681381958 0.5436814128943759 0.8342030550223929 0.5550068587105624 0.8393474088291747 0.5566529492455419 0.8347408829174664 0.5689986282578875 0.7886756238003839 0.5714677640603566 0.7737044145873321 0.5709190672153636 0.7687140115163148 0.5674897119341564 0.7627639155470249 0.560082304526749 0.7608445297504799 0.5342935528120714 0.7608445297504799 0.5314128943758574 0.7633397312859885
5 0.42915523548239604 0.7546035268714012 0.42304526748971194 0.7955854126679462 0.4242798353909465 0.8015355086372361 0.4580246913580247 0.8126679462571977 0.4824417009602195 0.8130518234165067 0.4969821673525377 0.8015355086372361 0.499039780521262 0.7963531669865643 0.5075445816186557 0.7345489443378119 0.5060356652949246 0.7316698656429942 0.5030178326474622 0.7301343570057581 0.44320987654320987 0.7170825335892514 0.4411522633744856 0.718809980806142
5 0.3133058984910837 0.7092130518234165 0.307681755829904 0.7961612284069098 0.35843621399176956 0.799232245681382 0.3718421353452217 0.7748220569417786 0.38655692729766805 0.7249520153550864 0.38655692729766805 0.7161228406909789 0.36802697759487873 0.6938429702495204 0.33786008230452674 0.6852207293666027 0.3175582990397805 0.6928982725527831 0.31522633744855966 0.6957773512476008
4 0.26041666666666663 0.23213571657069748 0.26117969821673526 0.31880998080614203 0.2578875171467764 0.3560460652591171 0.25816186556927295 0.37370441458733206 0.2570644718792867 0.37869481765834934 0.2529492455418381 0.47044145873320536 0.25349794238683127 0.49385796545105565 0.2554183813443073 0.5099808061420346 0.25377229080932784 0.5314779270633397 0.25349794238683127 0.5591170825335893 0.25267489711934155 0.571401151631478 0.25102880658436216 0.5779270633397313 0.24883401920438958 0.6197696737044146 0.2430727023319616 0.6731285988483685 0.24005486968449932 0.7199616122840691 0.23895747599451303 0.7241842610364684 0.23786008230452674 0.7606525911708253 0.23292181069958848 0.8182341650671785 0.2315500685871056 0.8228406909788868 0.23127572016460907 0.8523992322456814 0.22935528120713305 0.8777351247600768 0.22743484224965707 0.8873320537428023 0.22688614540466392 0.9076775431861804 0.2252400548696845 0.9172744721689059 0.22373113854595336 0.9201535508637236 0.21989026063100137 0.9182341650671785 0.21577503429355283 0.9209213051823416 0.20342935528120712 0.9205374280230326 0.2008230452674897 0.9222648752399232 0.20246913580246914 0.9272552783109405 0.20425240054869684 0.9297504798464491 0.20919067215363513 0.9309021113243762 0.21165980795610426 0.9347408829174664 0.21604938271604937 0.9332053742802303 0.21989026063100137 0.9374280230326295 0.22386831275720165 0.9387715930902112 0.22661179698216735 0.9660268714011516 0.22757201646090536 0.9685220729366603 0.2336076817558299 0.9715930902111325 0.24348422496570646 0.9715930902111325 0.2511659807956104 0.9685220729366603 0.26735253772290807 0.9677543186180422 0.28600823045267487 0.9723608445297505 0.34526748971193416 0.9781190019193858 0.36502057613168726 0.982725527831094 0.41165980795610424 0.9857965451055662 0.4440329218106996 0.9854126679462571 0.46406035665294926 0.982341650671785 0.48655692729766803 0.9731285988483686 0.4953360768175583 0.9715930902111325 0.49862825788751713 0.9689059500959692 0.5060356652949246 0.9662188099808061 0.5142661179698217 0.9589251439539347 0.529355281207133 0.9543186180422265 0.5353909465020577 0.9550863723608445 0.5475858767718335 0.9542096529110683 0.5570644718792866 0.9393474088291747 0.5652934956561498 0.9361654270633397 0.5706447187928669 0.9272552783109405 0.5742112482853223 0.917658349328215 0.5810699588477366 0.9057581573896353 0.582716049382716 0.8965451055662188 0.588477366255144 0.8834932821497121 0.5901234567901235 0.8723608445297505 0.5928669410150892 0.8669865642994242 0.594238683127572 0.8554702495201536 0.6008230452674898 0.8297504798464491 0.6049382716049383 0.8017274472168906 0.6049382716049383 0.7295585412667946 0.6027434842249657 0.7061420345489443 0.6027434842249657 0.6781190019193858 0.6049382716049383 0.6527831094049904 0.6082304526748972 0.6435700575815739 0.6082304526748972 0.6312859884836852 0.6106995884773663 0.6178502879078694 0.6148148148148148 0.5433781190019193 0.6159122085048011 0.5380038387715931 0.6167352537722908 0.5092130518234165 0.6159122085048011 0.482341650671785 0.6148148148148148 0.4777351247600768 0.613443072702332 0.4508637236084453 0.6101508916323731 0.3452975047984645 0.6063100137174211 0.2976967370441459 0.605761316872428 0.27888675623800385 0.6027434842249657 0.2593090211132438 0.5982167352537723 0.25028790786948174 0.5825788751714678 0.236084452975048 0.5565157750342935 0.22495201535508638 0.5063100137174211 0.2088291746641075 0.48628257887517146 0.20614203454894434 0.4382716049382716 0.19500959692898273 0.39519890260631 0.18119001919385797 0.36529492455418383 0.1731285988483685 0.33868312757201646 0.16852207293666027 0.32551440329218106 0.163531669865643 0.3216735253772291 0.163531669865643 0.3178326474622771 0.16084452975047986 0.2945130315500686 0.1547024952015355 0.27695473251028807 0.15316698656429942