2 0.2470703125 0.849896480331263 0.24560546875 0.9706694271911663 0.2509765625 0.9913733609385783 0.255126953125 0.9979296066252588 0.546875 0.9982746721877157 0.5576171875 0.7263630089717046 0.56591796875 0.24189095928226362 0.5327320098876954 0.14286073729008505 0.462158203125 0.03795721187025535 0.455322265625 0.037267080745341616 0.447021484375 0.043478260869565216 0.314208984375 0.16908212560386474 0.28466796875 0.20531400966183574
3 0.2718830108642578 0.2311175451460778 0.4585075378417969 0.25175408327582244 0.5719629923502604 0.2603627501725328 0.5823993682861328 0.24147400506096162 0.46661376953125 0.02948333620887974 0.4430103302001953 0.04163701259489309 0.35764058430989587 0.14280682079595125 0.2979056040445964 0.17423115079365084
4 0.2925682067871094 0.2296707858868185 0.5692100524902344 0.2577388141246836 0.5528100331624348 1 0.2499707539876302 1 0.23598988850911456 0.9558495801702324 0.2841695149739583 0.231674682252128
5 0.3125 0.2556935817805383 0.3115234375 0.26259489302967565 0.326416015625 0.3195307108350587 0.355712890625 0.32091097308488614 0.368408203125 0.3167701863354037 0.375 0.310904071773637 0.37939453125 0.26880607315389926 0.376220703125 0.24982746721877155 0.317626953125 0.25120772946859904
5 0.3992589314778646 0.2844005204738901 0.407470703125 0.3333333333333333 0.452880859375 0.34644582470669427 0.463623046875 0.3450655624568668 0.46728515625 0.34057971014492755 0.4716796875 0.3164251207729469 0.4697265625 0.28743961352657005 0.46728515625 0.2701863354037267 0.459228515625 0.25948930296756384 0.445068359375 0.2553485162180814 0.427001953125 0.2553485162180814 0.3990491231282553 0.266172252415459
5 0.48578262329101574 0.2945143561651714 0.47900390625 0.3605935127674258 0.482666015625 0.36853002070393376 0.546630859375 0.3498964803312629 0.55126953125 0.3447204968944099 0.55224609375 0.31228433402346445 0.55078125 0.2715665976535542 0.548583984375 0.26846100759144237 0.537353515625 0.2670807453416149 0.483642578125 0.2726017943409248 0.48679351806640614 0.2747584541062802
5 0.47216796875 0.40476190476190477 0.4697265625 0.4440993788819876 0.474853515625 0.45962732919254656 0.478759765625 0.46307798481711526 0.513916015625 0.4603174603174603 0.5234375 0.4510006901311249 0.533203125 0.42684610075914425 0.54345703125 0.39233954451345754 0.54443359375 0.3785369220151829 0.537841796875 0.3712905452035887 0.519775390625 0.36783988957902003 0.489990234375 0.36853002070393376 0.48486328125 0.3723257418909593
5 0.39447148640950525 0.3419428988382793 0.39370854695638036 0.44091111686220374 0.47492663065592444 0.42148320680929374 0.4575030008951823 0.3398042112376351 0.3945128122965495 0.33841586151368763
5 0.3345712025960287 0.33211212474120083 0.3324317932128906 0.4469587502875546 0.3785419464111328 0.44082125603864736 0.38520177205403655 0.3141130017828387 0.3311920166015626 0.33167629974695184
5 0.30372301737467455 0.45926968311479177 0.2902698516845703 0.5607989346100758 0.3586578369140625 0.5662040631469979 0.37796338399251306 0.4707089659535311
5 0.4066117604573568 0.4440247943984357 0.38383165995279955 0.5323804491603404 0.4330031077067057 0.5437074059696342 0.4450893402099609 0.43677302593742806 0.40983517964681004 0.4413514348976305
5 0.43782552083333326 0.4830917874396135 0.46637535095214855 0.5605023938923396 0.5292097727457683 0.5560722552910052 0.5316702524820963 0.44965906803542677 0.43540000915527355 0.4652454278812975
5 0.42724609375 0.6038647342995168 0.4087034861246745 0.7474892885898321 0.2922217051188151 0.7327206622383254 0.2780914306640625 0.6045431835173684 0.2899964650472005 0.5709666867954912 0.34569740295410156 0.5996592477570738 0.43005943298339844 0.6036176170347367
5 0.4522005716959635 0.5820510193811824 0.41934967041015625 0.7029947018058431 0.5167929331461589 0.7320017756498733 0.5350780487060548 0.6404201173222912 0.5214722951253254 0.5949685127674257 0.4553381601969401 0.5789283557625949
5 0.2850023905436198 0.7547994665861515 0.27470588684082037 0.9008457700713135 0.3637854258219402 0.9050198053255119 0.39134979248046875 0.890022033873936 0.4071331024169922 0.7768827639751553 0.3279654184977213 0.7544220511272143 0.28987884521484375 0.753411116862204
5 0.43050130208333326 0.7510927076144467 0.4320748647054036 0.8764260912698413 0.4893557230631511 0.907437061479181 0.5093161265055339 0.897444537899701 0.5255826314290364 0.7655018906717276
1 0.36738077799479163 0.8878878393144698 0.3642908732096354 1 0.4285176595052083 1 0.44021288553873683 0.8763362304462851 0.4031626383463542 0.8731866085806305 0.37117640177408856 0.8818087546008743